1.25
0.90
0.63
0.97
1.00
0.81
1.24
1.11
0.73
1.01
0.80
0.72
0.37
0.76
0.54
1.12
0.76
0.41
1.24
1.42
1.23
1.06
1.55
1.00
1.12
0.83
0.73
1.00
1.04
0.51
1.05
1.84
0.30
4.00
0.93
1.37
1.96
1.02
0.72
2.05
1.80
1.00
0.46
0.88
0.91
0.65
0.65
0.84
1.34
1.11
0.51
2.22
1.19
0.73
1.29
0.37
1.36
1.03
1.00
0.50
0.59
1.06
2.00
0.00
0.39
0.60
1.56
0.47
2.22
1.00
1.32
2.16
0.65
0.64
1.00
1.00
1.00
1.00
1.00
1.00
1.00
1.00
1.00
1.00
1.00
1.00
1.00
1.00
1.00
1.00
1.40
0.58
1.08
1.42
1.82
1.39
1.51
1.73
1.32
1.00
0.88
1.05
1.81
0.71
0.46
1.37
0.83
0.00
0.46
0.90
0.85
1.15
0.51
1.00
1.39
1.57
1.82
0.89
0.63
0.83
1.26
0.80
0.86
0.87
0.54
1.94
4.00
0.85
0.80
0.76
1.49
1.14
0.00
0.00
1.24
3.48
2.00
1.78
5.00
1.48
0.42
1.36
0.00
0.78
0.73
0.93
1.64
2.06
0.85
0.00
1.31
1.19
0.69
1.44
0.95
0.99
0.43
1.02
1.05
0.70
0.71
0.97
1.49
1.42
1.07
1.69
2.00
0.82
0.00
1.65
1.35
1.00
0.18
0.21
0.00
0.76
0.00
1.94
0.97
0.38
0.46
1.31
1.00
2.22
0.65
1.01
1.29
0.90
1.20
1.00
0.00
1.11
0.00
1.38
0.00
1.18
0.97
0.30
0.69
0.64
1.04
0.93
0.81
0.92
1.62
0.66
1.27
0.43
1.19
0.69
