1.31
0.40
0.67
0.50
1.00
0.54
0.94
1.01
0.25
1.25
1.38
0.34
1.49
1.19
1.12
0.91
0.76
0.36
0.76
1.24
1.45
1.67
1.54
1.00
1.59
1.69
0.57
0.39
0.68
0.31
1.58
0.00
1.28
0.94
0.49
1.13
0.77
1.15
0.77
1.67
1.27
1.00
0.97
0.84
1.35
1.66
0.38
0.50
1.48
0.78
0.42
0.00
1.29
0.76
0.41
0.22
0.95
0.80
1.00
1.08
0.62
0.85
2.32
0.00
0.23
1.43
0.81
0.45
1.20
1.59
1.08
1.74
0.91
0.77
1.00
1.00
1.00
1.00
1.00
1.00
1.00
1.00
1.00
1.00
1.00
1.00
1.00
1.00
1.00
1.00
0.39
0.78
1.57
0.87
0.30
0.87
1.78
1.28
0.38
0.00
0.93
1.41
1.26
0.86
0.31
0.98
1.17
2.97
1.11
0.50
1.40
0.65
2.50
0.00
0.18
1.00
1.05
0.72
0.50
0.85
0.56
1.45
1.21
0.25
1.69
0.78
1.17
1.02
1.02
0.65
0.73
1.36
0.00
0.55
0.63
0.66
0.00
1.74
0.00
2.28
2.50
0.49
1.15
1.18
1.08
1.01
0.92
1.60
0.70
0.40
0.24
1.11
1.19
0.92
1.32
1.35
0.83
0.79
0.80
1.80
0.78
0.75
0.45
0.95
0.96
1.81
1.03
0.25
0.77
1.01
1.50
1.21
1.10
0.29
1.56
1.46
1.38
0.43
0.95
0.58
0.62
0.41
0.87
0.52
0.91
1.03
1.22
1.13
1.26
0.00
0.93
1.37
0.64
0.94
1.46
1.51
1.01
1.15
1.10
0.58
1.39
0.62
0.60
0.89
1.04
2.72
0.50
1.29
0.94
1.08
