0.90
1.17
1.08
0.94
1.00
0.88
1.08
1.18
1.20
1.00
0.92
1.23
0.63
1.02
0.81
0.94
0.77
0.71
1.15
1.03
0.60
0.79
1.45
1.00
0.89
0.51
0.72
0.84
1.32
1.28
0.80
1.25
1.27
0.37
0.69
0.99
1.39
0.82
1.44
1.23
0.57
1.00
0.62
0.64
0.69
1.07
2.04
0.97
0.83
1.11
1.36
1.24
0.72
0.61
1.61
1.07
1.56
0.72
1.00
0.80
0.36
0.68
1.10
1.51
0.66
1.35
0.68
1.39
3.01
0.40
1.38
2.06
0.95
1.65
1.00
1.00
1.00
1.00
1.00
1.00
1.00
1.00
1.00
1.00
1.00
1.00
1.00
1.00
1.00
1.00
1.06
0.89
0.69
1.54
1.30
1.30
0.78
1.09
1.18
1.89
0.82
0.88
1.48
1.19
1.12
0.82
0.98
1.58
1.57
1.45
0.45
1.85
1.26
1.19
0.16
1.15
0.60
1.07
1.13
0.92
0.79
1.16
1.23
0.71
0.87
1.24
2.44
0.77
0.86
1.05
1.02
1.15
0.00
1.03
0.85
0.84
0.81
1.48
0.00
1.44
0.97
1.11
0.56
1.01
0.17
0.50
1.35
1.08
0.49
0.00
1.55
1.01
0.93
0.68
0.88
0.99
1.25
0.45
0.87
0.78
1.18
1.02
0.85
0.92
0.73
0.99
0.40
1.64
0.00
0.65
0.90
1.18
1.17
0.96
1.78
0.61
1.55
1.62
1.24
0.80
1.48
1.08
0.88
0.66
1.03
1.09
0.62
0.75
0.52
0.00
0.68
0.26
0.00
1.40
0.29
1.21
0.93
1.49
1.26
1.33
0.99
1.28
1.24
1.26
0.83
0.66
0.86
0.98
0.75
0.39
