0.91
1.15
1.15
0.88
1.00
0.86
1.06
1.19
1.30
1.00
0.96
1.33
0.65
1.01
0.79
0.92
0.73
0.71
1.11
1.03
0.60
0.78
1.35
1.00
0.79
0.51
0.71
0.63
1.29
1.27
0.90
1.19
1.50
0.67
0.67
1.06
1.41
0.82
1.35
1.25
0.40
1.00
0.72
0.63
0.66
1.08
2.03
0.86
0.79
1.06
1.43
1.65
0.72
0.62
1.60
1.07
1.59
0.64
1.00
0.84
0.36
0.64
0.95
1.56
0.69
1.49
0.34
1.29
3.01
0.44
1.57
2.16
0.90
1.77
1.00
1.00
1.00
1.00
1.00
1.00
1.00
1.00
1.00
1.00
1.00
1.00
1.00
1.00
1.00
1.00
1.03
0.97
0.61
1.60
1.28
1.21
0.77
1.04
1.20
1.75
0.90
0.87
1.40
1.27
1.18
0.86
1.08
1.70
1.34
1.37
0.48
1.85
1.56
1.03
0.16
1.06
0.65
1.03
1.08
0.94
0.70
1.16
1.19
0.68
0.85
1.24
2.37
0.80
0.85
1.09
1.00
1.21
0.00
1.03
0.86
0.93
0.81
1.25
0.00
1.47
1.29
1.27
0.57
0.91
0.17
0.51
1.37
1.08
0.49
0.00
1.57
1.11
0.93
0.71
0.86
1.08
1.28
0.43
0.81
0.75
1.14
1.01
0.82
0.97
0.79
0.99
0.43
1.33
0.00
0.73
0.76
1.03
1.21
0.95
1.78
0.83
1.55
1.54
1.12
0.80
1.73
1.04
0.70
0.66
1.03
1.15
0.61
0.75
0.48
0.00
0.65
0.26
0.00
1.28
0.26
1.23
0.94
1.46
1.27
1.28
0.89
1.18
1.23
1.29
0.86
0.70
0.88
0.96
0.73
0.34
