1.34
0.50
0.64
0.49
1.00
0.52
0.97
1.02
0.47
1.22
1.39
0.34
1.53
1.10
1.06
0.85
0.75
0.36
0.83
1.21
1.47
1.77
1.43
1.00
1.47
1.69
0.60
0.35
0.65
0.31
1.52
0.00
1.28
0.94
0.64
1.14
0.71
1.22
0.65
1.77
1.33
1.00
1.00
0.65
1.32
1.66
0.35
0.48
1.49
0.73
0.42
0.00
1.23
0.77
0.41
0.35
0.96
1.09
1.00
1.00
0.66
0.94
1.77
0.00
0.32
1.43
0.67
0.42
1.20
1.55
1.10
1.74
0.71
0.83
1.00
1.00
1.00
1.00
1.00
1.00
1.00
1.00
1.00
1.00
1.00
1.00
1.00
1.00
1.00
1.00
0.00
0.92
1.61
0.87
0.30
1.00
1.78
1.06
0.41
0.00
0.84
1.41
1.26
0.87
0.33
0.56
1.16
2.97
1.11
0.50
1.56
0.65
2.50
0.00
0.28
0.96
1.05
0.80
0.42
0.85
0.54
1.59
1.16
0.26
1.57
0.76
1.12
1.03
0.99
0.82
0.71
1.34
0.00
0.55
0.77
0.66
0.00
1.29
0.00
2.05
2.50
0.56
1.16
0.96
1.02
1.03
0.92
1.60
0.65
0.40
0.24
1.11
1.19
0.91
1.28
1.36
0.82
0.79
0.79
1.90
0.77
0.70
0.48
0.94
0.96
1.81
1.03
0.54
0.67
0.93
1.47
1.21
0.91
0.51
1.56
1.46
1.38
0.77
1.04
0.58
0.66
0.44
0.95
0.52
1.06
1.16
1.26
1.19
1.16
0.00
0.93
1.37
0.64
0.81
1.56
1.48
0.99
1.15
1.08
0.71
1.43
0.57
0.63
0.81
0.60
2.86
0.42
1.25
0.95
1.16
