1.29
0.83
0.64
0.94
1.00
0.84
1.36
1.08
0.58
1.01
0.82
0.70
0.39
0.77
0.54
1.07
0.91
0.34
1.18
1.36
1.25
1.08
1.46
1.00
1.01
0.84
0.77
1.00
1.04
0.49
1.14
1.84
0.17
4.00
0.90
1.35
1.83
1.02
0.99
2.05
2.18
1.00
0.58
0.66
0.91
0.65
0.65
0.93
1.34
0.74
0.63
2.22
1.11
0.76
1.16
0.45
0.96
1.03
1.00
0.40
0.87
1.15
2.00
0.00
0.50
0.56
1.56
0.47
2.22
0.96
1.15
2.16
0.63
0.58
1.00
1.00
1.00
1.00
1.00
1.00
1.00
1.00
1.00
1.00
1.00
1.00
1.00
1.00
1.00
1.00
0.93
0.86
1.09
1.15
1.82
1.42
1.38
1.59
1.49
1.00
0.87
1.14
1.81
0.72
0.48
1.37
0.72
0.00
0.46
0.86
0.94
1.15
0.51
1.00
1.39
1.59
1.82
0.71
0.58
0.80
1.31
0.82
0.87
0.83
0.54
1.87
2.77
0.87
0.79
0.76
1.56
1.12
0.00
0.00
1.18
3.33
2.00
1.60
5.00
1.48
0.35
1.36
0.00
1.28
0.73
0.96
1.64
2.06
0.82
0.00
1.31
1.19
0.69
1.46
0.85
1.01
0.46
1.04
0.99
0.70
0.78
0.95
1.49
1.39
1.07
1.69
2.00
0.82
0.00
1.63
1.32
1.15
0.18
0.45
0.00
0.76
0.00
1.77
1.19
0.38
0.48
1.25
0.93
0.83
0.69
1.03
1.39
0.92
1.30
1.00
1.11
1.11
0.00
1.68
0.00
1.27
0.96
0.26
0.65
0.67
0.95
0.88
0.78
0.95
1.62
0.71
1.27
0.40
1.18
0.67
