0.88
1.28
1.25
0.98
1.00
0.97
1.07
1.18
1.31
0.92
0.86
1.32
0.63
1.00
0.82
0.98
0.74
0.76
1.06
1.02
0.49
0.77
0.98
1.00
0.79
0.53
0.68
0.79
1.33
1.31
0.90
1.16
1.51
0.67
0.69
0.95
1.38
0.79
1.44
0.92
0.59
1.00
0.71
0.43
0.60
1.17
2.03
0.95
0.78
1.02
1.53
1.65
0.43
0.67
1.72
1.15
1.60
0.66
1.00
0.87
0.36
0.54
0.56
1.54
0.70
1.35
0.66
1.36
3.01
0.53
1.52
2.17
0.91
1.80
1.00
1.00
1.00
1.00
1.00
1.00
1.00
1.00
1.00
1.00
1.00
1.00
1.00
1.00
1.00
1.00
1.05
0.76
0.63
1.43
1.31
1.27
0.60
1.01
1.21
1.75
0.95
0.67
1.49
1.30
1.16
0.87
1.04
1.62
1.55
1.50
0.16
1.85
1.52
1.03
0.17
1.03
0.60
1.07
1.15
0.94
0.80
1.17
1.24
0.70
0.83
1.19
2.41
0.79
0.88
1.11
0.99
1.22
0.00
1.07
0.78
0.84
0.81
1.41
0.00
1.62
1.32
1.11
0.55
0.85
0.17
0.52
1.49
1.08
0.41
0.00
1.72
1.14
0.80
0.69
0.81
0.92
1.30
0.43
0.90
0.75
1.30
1.06
0.75
0.91
0.74
0.99
0.40
1.39
0.00
0.74
0.80
1.18
1.18
1.04
1.78
0.83
1.55
1.66
1.12
0.80
1.67
1.01
0.70
0.66
1.18
1.14
0.51
0.74
0.36
0.00
0.78
0.00
0.00
1.32
0.26
0.56
0.78
1.56
1.34
1.38
0.89
1.32
1.39
1.28
0.57
0.66
0.91
0.92
0.78
0.33
