1.27
1.00
0.70
1.00
1.00
0.82
1.28
1.07
0.84
0.97
0.81
0.70
0.37
0.73
0.54
1.04
0.89
0.47
1.21
1.35
1.33
1.11
1.22
1.00
1.13
0.89
0.72
1.06
0.89
0.44
1.09
1.84
0.18
4.00
1.00
1.46
1.96
0.84
0.94
2.07
2.37
1.00
0.55
0.69
0.93
0.65
0.39
0.87
1.34
0.74
0.59
2.22
1.16
0.82
1.16
0.31
0.98
1.13
1.00
0.45
0.82
1.14
2.00
0.00
0.53
0.56
1.56
0.26
2.22
1.05
1.16
2.16
0.64
0.58
1.00
1.00
1.00
1.00
1.00
1.00
1.00
1.00
1.00
1.00
1.00
1.00
1.00
1.00
1.00
1.00
1.25
0.71
1.07
0.88
1.82
1.31
1.64
1.59
1.41
1.00
1.01
0.88
2.01
0.75
0.47
1.37
0.84
0.00
0.46
0.93
0.71
1.15
0.29
1.00
1.39
1.60
1.82
0.80
0.59
0.81
1.30
0.82
0.89
0.86
0.54
1.90
2.77
0.81
0.80
0.82
1.48
1.15
0.00
0.00
1.02
3.48
2.00
1.60
5.00
1.64
0.35
1.36
0.00
1.15
0.77
0.95
1.64
2.06
0.90
0.00
1.26
1.31
0.72
1.46
0.93
0.91
0.45
0.98
1.15
0.70
0.86
0.97
1.36
1.46
1.06
1.69
2.00
0.50
0.00
1.55
1.49
1.00
0.17
0.41
0.00
0.76
0.00
1.77
1.19
0.38
0.66
1.25
0.93
0.83
0.77
0.99
1.20
0.89
1.34
1.00
1.11
1.11
0.00
1.68
0.00
1.24
1.01
0.27
0.46
0.54
0.88
0.88
0.81
0.88
1.21
0.70
1.44
0.45
1.22
0.67
