1.38
0.52
0.62
0.55
1.00
0.62
0.96
0.99
0.49
1.25
1.34
0.35
1.60
1.16
1.06
0.86
0.78
0.36
0.72
1.17
1.43
1.62
1.34
1.00
1.46
1.69
0.60
0.37
0.68
0.25
1.44
0.00
1.83
0.94
0.66
0.98
0.76
1.32
0.66
1.76
1.37
1.00
0.88
0.82
1.31
1.66
0.35
0.39
1.43
0.73
0.48
0.00
1.46
0.85
0.41
0.25
0.77
1.18
1.00
0.97
0.62
0.82
1.46
0.00
0.36
1.34
0.67
0.45
1.20
1.77
0.96
1.74
0.98
0.85
1.00
1.00
1.00
1.00
1.00
1.00
1.00
1.00
1.00
1.00
1.00
1.00
1.00
1.00
1.00
1.00
0.45
0.66
1.58
0.87
0.31
0.99
1.75
1.06
0.41
0.00
1.03
1.39
1.33
0.87
0.15
0.98
1.15
2.97
1.11
0.51
1.41
0.65
2.40
0.00
0.29
1.00
1.05
0.73
0.45
0.81
0.56
1.62
1.27
0.26
1.57
0.67
1.12
1.07
1.00
0.82
0.67
1.39
0.00
0.55
0.84
0.66
0.00
1.29
0.00
2.05
2.50
0.49
1.28
0.75
1.02
1.04
1.10
1.60
0.61
0.40
0.24
1.18
0.99
0.92
1.23
1.32
0.87
0.79
0.80
1.90
0.74
0.70
0.45
0.93
0.97
1.81
1.03
0.54
0.67
1.00
1.46
1.21
1.06
0.50
1.56
1.46
1.38
0.77
1.04
0.58
0.62
0.41
0.95
0.52
0.96
1.06
1.22
1.25
1.17
0.00
1.49
1.00
0.64
0.81
1.56
1.38
0.90
1.15
1.02
0.66
1.43
0.57
0.71
0.86
1.04
2.68
0.49
1.15
1.03
1.17
