0.92
1.21
1.09
0.97
1.00
0.87
1.05
1.20
1.25
1.01
0.91
1.33
0.58
1.00
0.63
0.93
0.72
0.69
1.11
1.06
0.59
0.88
1.38
1.00
0.84
0.45
0.71
0.70
1.07
1.32
0.80
1.28
1.29
0.37
0.66
1.08
1.17
0.89
1.43
1.29
0.55
1.00
0.72
0.64
0.69
1.11
1.97
0.92
0.85
1.22
1.39
1.28
0.67
0.58
1.58
1.00
1.60
0.67
1.00
0.83
0.20
0.64
1.08
1.60
0.68
1.48
0.39
1.30
2.83
0.41
1.66
2.00
0.82
1.67
1.00
1.00
1.00
1.00
1.00
1.00
1.00
1.00
1.00
1.00
1.00
1.00
1.00
1.00
1.00
1.00
1.05
0.80
0.68
1.42
1.23
1.21
0.65
1.11
1.17
1.89
0.90
0.88
1.44
1.29
1.16
0.54
1.11
1.57
1.56
1.43
0.51
1.59
1.62
1.03
0.16
0.95
0.66
1.08
1.15
0.90
0.77
1.10
1.18
0.71
0.85
1.27
2.36
0.78
0.87
1.05
1.01
1.21
0.00
0.88
0.90
0.47
0.91
1.49
0.00
1.21
1.39
0.87
0.62
1.05
0.17
0.53
1.44
0.94
0.49
0.00
1.63
1.09
0.96
0.74
0.88
0.99
1.40
0.10
0.89
0.82
1.20
1.07
0.85
0.92
0.80
1.04
0.40
1.22
0.00
0.68
0.68
1.18
1.13
1.08
1.78
0.90
1.92
1.78
1.27
0.88
1.68
1.07
0.72
0.72
1.13
1.11
0.51
0.71
0.48
0.00
0.65
0.29
0.00
1.32
0.27
1.15
0.90
1.49
1.30
1.23
0.90
1.37
1.23
1.19
0.92
0.67
0.93
1.02
0.74
0.32
