1.22
0.85
0.67
1.03
1.00
0.72
1.32
1.11
0.73
1.06
0.80
0.46
0.40
0.78
0.62
1.10
0.92
0.42
1.21
1.37
1.20
0.83
1.51
1.00
1.14
0.78
0.76
1.07
1.04
0.41
1.17
1.84
0.32
4.00
0.95
1.36
1.96
1.06
0.90
2.05
2.10
1.00
0.59
0.86
0.83
0.65
0.65
1.02
1.34
0.74
0.51
2.22
1.14
0.73
1.16
0.45
1.11
1.03
1.00
0.40
0.88
1.12
2.00
0.00
0.36
0.56
1.80
0.49
0.00
0.83
1.22
2.16
0.71
0.58
1.00
1.00
1.00
1.00
1.00
1.00
1.00
1.00
1.00
1.00
1.00
1.00
1.00
1.00
1.00
1.00
1.40
0.39
1.16
1.15
1.82
1.36
1.58
1.73
1.59
1.00
0.93
1.09
1.81
0.71
0.36
1.78
0.82
0.00
0.46
0.90
0.80
0.91
0.58
1.00
1.39
1.51
1.82
0.86
0.55
0.81
1.09
0.79
0.94
0.89
0.43
1.84
2.40
0.87
0.80
0.76
1.49
1.12
0.00
0.00
1.23
3.48
2.00
1.60
5.00
1.48
0.37
1.36
0.00
1.15
0.52
0.98
1.64
2.25
0.93
0.00
1.30
1.13
0.73
1.34
0.98
0.95
0.48
0.78
1.12
0.85
0.74
0.95
1.46
1.41
1.04
1.69
2.00
0.82
0.00
1.66
1.38
1.00
0.18
0.41
0.00
0.76
0.00
1.90
0.97
0.47
0.70
1.31
0.78
0.83
0.74
0.99
1.18
0.82
1.38
1.00
1.11
1.54
0.00
1.56
0.00
1.18
0.98
0.26
0.72
0.62
0.95
0.88
0.77
0.96
1.62
0.66
1.36
0.45
1.20
0.65
