1.25
0.51
0.78
0.50
1.00
0.61
0.75
1.00
0.55
1.27
1.30
0.33
1.71
1.21
1.06
0.91
0.79
0.37
0.82
1.22
1.45
1.80
1.54
1.00
1.48
1.66
0.45
0.37
0.71
0.33
1.52
0.00
1.46
0.94
0.66
1.15
0.77
0.93
0.75
1.70
1.21
1.00
0.87
0.77
1.33
1.75
0.35
0.55
1.52
0.80
0.42
0.00
1.25
0.80
0.41
0.34
0.91
1.20
1.00
1.00
0.72
0.88
1.94
0.00
0.34
1.51
0.67
0.50
1.20
1.51
0.90
1.74
0.88
0.57
1.00
1.00
1.00
1.00
1.00
1.00
1.00
1.00
1.00
1.00
1.00
1.00
1.00
1.00
1.00
1.00
0.48
0.67
1.62
0.00
0.31
1.03
2.05
0.77
0.39
0.00
0.89
1.47
1.26
0.79
0.30
1.08
1.17
2.97
0.91
0.47
1.50
0.65
2.37
0.00
0.29
1.05
1.05
0.87
0.44
0.83
0.57
1.66
1.26
0.26
1.63
0.80
1.17
0.99
0.99
0.84
0.70
1.36
0.00
0.00
0.79
0.76
0.00
0.94
0.00
2.05
2.50
0.54
1.20
0.90
1.08
1.05
0.92
1.60
0.71
0.00
0.24
0.98
1.19
0.98
1.13
1.36
0.72
0.80
0.82
1.80
0.68
0.63
0.46
0.94
0.96
1.81
1.03
0.56
0.67
0.99
1.46
1.21
0.98
0.48
1.56
1.19
0.00
0.92
0.95
0.66
0.71
0.46
0.98
0.31
0.92
1.16
1.29
1.12
1.16
0.00
0.93
1.37
0.86
0.87
1.65
1.51
0.97
0.83
1.13
0.67
1.45
0.41
0.66
0.86
1.32
2.57
0.52
1.31
0.96
1.20
