1.27
0.49
0.73
0.47
1.00
0.52
0.97
1.01
0.47
1.27
1.35
0.33
1.66
1.13
1.06
0.89
0.76
0.40
0.81
1.21
1.45
1.69
1.48
1.00
1.51
1.63
0.60
0.35
0.65
0.31
1.47
0.00
1.28
1.03
0.64
1.13
0.71
1.11
0.73
1.67
1.33
1.00
0.97
0.77
1.32
1.66
0.35
0.48
1.43
0.73
0.42
0.00
1.28
0.76
0.41
0.32
0.91
1.09
1.00
0.99
0.62
0.90
1.77
0.00
0.32
1.49
0.67
0.45
0.00
1.55
1.09
1.74
0.89
0.73
1.00
1.00
1.00
1.00
1.00
1.00
1.00
1.00
1.00
1.00
1.00
1.00
1.00
1.00
1.00
1.00
0.39
0.83
1.61
0.87
0.30
1.02
1.78
0.82
0.38
0.00
0.91
1.41
1.01
0.87
0.30
1.11
1.11
2.97
1.11
0.47
1.56
0.65
2.63
0.00
0.26
1.02
1.05
0.78
0.40
0.92
0.54
1.62
1.27
0.17
1.63
0.73
0.98
0.98
0.90
0.86
0.68
1.36
0.00
0.55
0.75
0.66
0.00
1.29
0.00
2.05
2.50
0.49
1.22
0.96
1.02
1.03
0.92
1.60
0.71
0.44
0.24
1.11
1.19
0.85
1.23
1.34
0.80
0.69
0.75
2.03
0.73
0.73
0.40
0.93
0.98
1.81
1.15
0.54
0.67
1.02
1.46
1.21
1.06
0.48
1.56
1.46
1.90
0.77
1.09
0.58
0.62
0.43
0.95
0.52
0.98
1.16
1.22
1.20
1.18
0.00
0.93
1.51
0.64
0.84
1.56
1.51
0.97
1.15
1.12
0.66
1.43
0.57
0.67
0.82
1.04
2.68
0.49
1.26
0.95
1.18
