0.91
1.17
1.14
0.89
1.00
0.94
1.08
1.15
1.24
0.97
0.95
1.23
0.67
1.04
0.79
0.95
0.71
0.74
1.10
1.07
0.57
0.76
1.31
1.00
0.82
0.51
0.70
0.78
1.29
1.28
0.89
1.20
1.40
0.72
0.66
1.05
1.23
0.86
1.41
1.23
0.52
1.00
0.69
0.60
0.67
1.01
1.99
0.95
0.76
1.02
1.37
1.65
0.69
0.59
1.69
1.11
1.55
0.64
1.00
0.75
0.36
0.66
0.95
1.51
0.69
1.50
0.66
1.30
3.42
0.45
1.58
2.06
0.87
1.73
1.00
1.00
1.00
1.00
1.00
1.00
1.00
1.00
1.00
1.00
1.00
1.00
1.00
1.00
1.00
1.00
0.96
0.91
0.63
1.60
1.29
1.30
0.73
0.85
1.15
1.75
0.85
0.87
1.47
1.26
1.16
0.86
1.00
1.58
1.56
1.36
0.46
1.93
1.57
1.03
0.16
1.00
0.61
1.08
1.15
1.00
0.77
1.10
1.21
0.73
0.89
1.24
2.37
0.80
0.88
1.03
0.99
1.18
0.00
1.03
0.83
0.84
0.81
1.41
0.00
1.41
1.29
1.11
0.53
0.98
0.17
0.51
1.47
1.11
0.48
0.00
1.56
1.10
0.93
0.71
0.87
1.04
1.26
0.45
0.85
0.64
1.14
1.01
0.85
0.92
0.77
0.99
0.44
1.48
0.00
0.71
0.71
1.18
1.17
0.99
1.78
0.70
1.67
1.66
1.17
0.80
1.61
0.92
0.71
0.66
1.09
1.08
0.61
0.72
0.47
0.00
0.65
0.27
0.00
1.35
0.26
1.18
0.91
1.51
1.31
1.25
0.90
1.29
1.29
1.30
0.83
0.66
0.84
0.95
0.78
0.32
