1.30
0.47
0.73
0.50
1.00
0.55
0.88
1.00
0.47
1.31
1.38
0.25
1.53
1.11
1.16
0.89
0.75
0.36
0.82
1.24
1.45
1.69
1.47
1.00
1.41
1.63
0.55
0.35
0.65
0.32
1.57
0.00
1.39
0.94
0.64
1.15
0.77
1.19
0.78
1.67
1.38
1.00
0.97
0.82
1.27
1.66
0.39
0.48
1.29
0.73
0.42
0.00
1.28
0.78
0.54
0.33
0.91
0.83
1.00
0.95
0.67
0.92
1.77
0.00
0.34
1.35
0.87
0.00
1.20
1.59
1.04
1.74
0.93
0.85
1.00
1.00
1.00
1.00
1.00
1.00
1.00
1.00
1.00
1.00
1.00
1.00
1.00
1.00
1.00
1.00
0.39
0.81
1.55
1.11
0.30
1.09
1.78
1.25
0.39
0.00
0.91
1.43
1.06
0.89
0.31
0.98
1.20
2.97
1.11
0.47
1.75
0.65
2.50
0.00
0.19
1.05
1.05
0.71
0.21
0.78
0.56
1.59
1.27
0.27
1.67
0.75
1.17
1.02
0.99
0.91
0.71
1.35
0.00
0.55
0.63
0.66
0.00
1.29
0.00
2.05
2.50
0.49
1.25
0.80
0.84
1.01
1.08
1.67
0.76
0.47
0.24
1.15
1.35
0.93
1.16
1.30
0.80
0.61
0.77
1.80
0.73
0.72
0.46
0.96
0.99
1.81
1.19
0.56
0.00
0.99
1.40
1.34
1.06
0.48
1.56
1.46
1.38
0.77
1.04
0.00
0.68
0.43
1.03
0.52
0.98
1.19
1.26
1.23
1.08
0.00
0.93
1.37
0.73
0.87
1.56
1.51
0.97
1.15
1.04
0.66
1.28
0.62
0.65
0.90
1.17
2.55
0.53
1.24
0.97
1.18
