0.88
1.18
1.13
0.92
1.00
0.99
0.98
1.17
1.26
1.04
0.93
1.35
0.57
1.06
0.82
0.95
0.69
0.65
1.10
1.05
0.57
0.68
1.37
1.00
0.78
0.51
0.69
0.78
1.32
1.23
0.92
1.11
1.51
0.67
0.65
1.03
1.44
0.84
1.42
1.25
0.54
1.00
0.72
0.64
0.68
0.82
2.05
0.92
0.76
1.05
1.33
1.65
0.70
0.56
1.77
1.12
1.58
0.73
1.00
0.84
0.40
0.62
1.07
1.40
0.63
1.42
0.82
1.23
2.60
0.45
1.59
1.78
0.95
1.80
1.00
1.00
1.00
1.00
1.00
1.00
1.00
1.00
1.00
1.00
1.00
1.00
1.00
1.00
1.00
1.00
0.99
0.90
0.67
1.78
1.12
1.32
0.75
0.83
1.12
1.75
0.77
0.92
1.19
1.19
1.21
0.86
1.03
1.72
1.44
1.38
0.47
2.01
1.52
1.03
0.16
1.02
0.63
1.13
1.08
0.97
0.80
1.11
1.21
0.69
0.84
1.21
2.33
0.82
0.85
1.11
1.00
1.18
0.00
1.03
0.78
0.51
0.99
1.51
0.00
1.41
1.34
1.11
0.44
0.96
0.18
0.52
1.54
1.09
0.50
0.00
1.59
1.04
1.08
0.69
0.83
1.03
1.26
0.46
0.81
0.77
1.17
1.00
0.85
0.94
0.80
0.99
0.45
1.42
0.00
0.63
0.82
1.26
1.11
0.99
2.29
0.86
1.92
1.73
1.08
0.33
1.70
0.91
0.60
0.66
1.10
1.19
0.62
0.73
0.48
0.00
0.65
0.27
0.00
1.32
0.27
1.18
0.91
1.51
1.27
1.25
0.92
1.19
1.31
1.33
0.89
0.69
0.90
0.96
0.74
0.29
