1.24
0.93
0.69
0.88
1.00
0.87
1.28
1.12
0.73
0.99
0.76
0.47
0.38
0.78
0.62
1.13
0.92
0.43
1.18
1.41
1.20
1.03
1.47
1.00
0.92
0.90
0.74
1.00
1.16
0.47
1.24
1.79
0.30
4.00
0.91
1.43
1.96
0.99
0.95
2.15
2.01
1.00
0.43
0.76
0.89
0.78
0.65
0.93
1.34
0.74
0.55
2.22
1.15
0.74
1.16
0.45
1.11
1.03
1.00
0.42
1.04
1.03
2.00
0.00
0.52
0.65
0.71
0.47
2.22
0.98
1.32
2.16
0.74
0.58
1.00
1.00
1.00
1.00
1.00
1.00
1.00
1.00
1.00
1.00
1.00
1.00
1.00
1.00
1.00
1.00
1.25
0.75
1.10
1.27
1.79
1.45
1.64
1.59
1.50
1.00
0.83
1.15
1.81
0.63
0.48
1.03
0.84
0.00
0.46
0.86
0.89
1.28
0.54
1.00
1.39
1.53
2.06
0.72
0.59
0.81
1.33
0.76
0.91
0.82
0.63
1.85
2.77
0.84
0.80
0.71
1.52
1.09
0.00
0.00
1.18
3.08
2.00
1.33
5.00
1.48
0.35
1.36
0.00
1.30
0.90
0.87
1.64
2.25
0.91
0.00
1.31
1.19
0.56
1.45
0.96
0.95
0.49
0.98
1.08
0.48
0.82
0.92
1.49
1.47
1.06
1.69
2.00
0.82
0.00
1.55
1.40
1.00
0.17
0.46
0.00
0.76
0.00
1.55
0.99
0.42
0.66
1.38
0.98
0.83
0.71
1.03
1.18
0.78
1.43
1.00
1.11
1.54
0.00
1.96
0.00
1.24
1.01
0.26
0.68
0.62
0.88
0.88
0.73
0.86
1.62
0.68
1.36
0.43
1.20
0.55
