1.22
0.86
0.42
0.94
1.00
0.83
1.31
1.11
0.76
0.99
0.81
0.66
0.38
0.79
0.54
1.12
0.87
0.44
1.18
1.41
1.20
1.02
1.44
1.00
1.03
0.90
0.76
1.09
1.16
0.41
1.11
2.08
0.30
4.00
0.99
1.40
1.68
0.93
0.87
2.06
2.10
1.00
0.55
0.86
0.89
0.00
0.71
0.98
1.47
0.98
0.51
2.22
1.15
0.77
1.16
0.49
1.11
1.03
1.00
0.40
0.82
1.11
2.00
0.00
0.54
0.56
1.80
0.51
4.00
0.96
1.23
2.16
0.60
0.41
1.00
1.00
1.00
1.00
1.00
1.00
1.00
1.00
1.00
1.00
1.00
1.00
1.00
1.00
1.00
1.00
1.25
0.74
1.07
1.27
1.94
1.38
1.84
1.74
1.31
1.00
0.91
1.10
1.37
0.73
0.46
1.12
0.83
0.00
0.46
0.86
0.88
0.91
0.53
1.00
1.47
1.51
1.82
0.74
0.55
0.82
1.33
0.80
0.83
0.86
0.69
1.96
2.40
0.86
0.73
0.73
1.52
1.13
0.00
0.00
1.35
3.48
1.00
1.60
5.00
1.12
0.35
1.36
0.00
1.03
0.73
0.97
1.64
2.25
0.75
0.00
1.17
1.19
0.69
1.44
0.93
0.97
0.43
0.89
1.06
0.70
0.87
0.90
1.44
1.46
1.05
1.69
2.00
0.48
0.00
1.42
1.45
1.00
0.00
0.45
0.00
0.49
0.00
1.41
1.32
0.42
0.70
1.15
1.01
0.00
0.73
0.97
1.39
0.84
1.39
1.00
1.54
1.43
0.00
1.68
0.00
1.17
1.00
0.27
0.69
0.63
0.95
0.88
0.80
0.99
1.62
0.67
1.36
0.42
1.20
0.61
