1.32
0.50
0.77
0.47
1.00
0.61
0.84
0.96
0.53
1.24
1.40
0.34
1.83
1.17
1.14
0.89
0.77
0.35
0.78
1.16
1.45
1.69
1.48
1.00
1.50
1.57
0.58
0.35
0.65
0.34
1.60
0.00
1.28
0.94
0.66
0.99
0.77
1.19
0.75
1.67
1.33
1.00
0.95
0.82
1.35
1.87
0.35
0.50
1.49
0.00
0.42
0.00
1.20
0.76
0.45
0.33
0.91
1.09
1.00
0.95
0.62
0.92
1.46
0.00
0.33
1.43
0.67
0.42
1.20
1.58
1.09
1.74
0.91
0.73
1.00
1.00
1.00
1.00
1.00
1.00
1.00
1.00
1.00
1.00
1.00
1.00
1.00
1.00
1.00
1.00
0.39
0.78
1.56
0.87
0.37
1.02
1.78
1.06
0.20
0.00
0.93
1.38
1.26
0.88
0.29
0.98
1.26
2.97
1.48
0.47
1.50
0.97
2.50
0.00
0.26
1.04
0.00
0.80
0.40
0.85
0.43
1.52
1.31
0.26
1.54
0.75
1.19
0.99
0.99
0.84
0.64
1.34
0.00
0.61
0.83
0.00
0.00
1.41
0.00
1.93
2.50
0.54
1.22
0.96
1.02
0.89
1.03
1.50
0.74
0.40
0.30
1.15
1.33
0.91
1.28
1.29
0.83
0.77
0.75
1.80
0.76
0.73
0.45
0.97
0.98
1.81
0.62
0.54
0.67
1.00
1.39
1.21
1.06
0.48
1.56
1.42
1.38
0.84
1.46
0.68
0.65
0.43
0.99
0.56
1.01
1.08
1.40
1.19
1.16
0.00
0.93
1.37
0.64
0.89
1.56
1.54
0.90
1.25
1.13
0.66
1.43
0.62
0.63
0.88
0.60
2.60
0.49
1.22
0.97
1.22
