0.95
1.17
1.18
0.92
1.00
0.87
1.05
1.18
1.29
0.97
0.88
1.27
0.47
0.98
0.66
0.94
0.73
0.72
1.13
1.08
0.58
0.79
1.31
1.00
0.77
0.52
0.70
0.78
1.33
1.28
0.90
0.90
1.48
0.73
0.67
0.99
1.41
0.84
1.38
1.28
0.53
1.00
0.71
0.61
0.64
1.06
1.96
0.98
0.80
0.64
1.37
1.18
0.67
0.60
1.69
1.15
1.52
0.64
1.00
0.81
0.37
0.60
0.95
1.51
0.69
1.51
0.69
1.23
3.01
0.45
1.60
2.06
0.87
1.76
1.00
1.00
1.00
1.00
1.00
1.00
1.00
1.00
1.00
1.00
1.00
1.00
1.00
1.00
1.00
1.00
0.99
0.89
0.66
1.42
1.25
1.29
0.76
1.13
1.24
1.75
0.83
0.90
1.35
1.28
1.15
0.86
1.04
1.67
1.58
1.35
0.49
1.81
1.56
1.19
0.16
1.08
0.49
1.09
1.10
0.95
0.72
1.13
1.23
0.63
0.94
1.23
2.41
0.81
0.84
1.03
1.06
1.17
0.00
1.03
0.96
0.93
0.00
1.41
0.00
1.35
1.41
1.11
0.42
0.90
0.17
0.41
1.50
1.25
0.43
0.00
1.68
1.07
0.97
0.74
0.86
1.07
1.21
0.40
0.84
0.80
1.13
1.04
0.81
0.93
0.79
0.99
0.45
1.47
0.00
0.64
0.81
1.04
1.19
1.05
0.00
1.06
1.55
1.74
1.20
0.92
1.81
1.13
0.61
0.69
1.11
1.15
0.65
0.64
0.49
0.00
0.71
0.27
0.00
1.14
0.26
1.21
0.94
1.48
1.27
1.25
0.85
1.37
1.19
1.27
0.86
0.61
0.85
0.96
0.76
0.33
