0.91
1.20
1.15
0.88
1.00
0.90
1.06
1.20
1.24
0.94
0.92
1.28
0.63
1.02
0.79
0.94
0.73
0.67
1.11
1.07
0.57
0.76
1.31
1.00
0.82
0.50
0.69
0.78
1.31
1.29
0.87
1.16
1.45
0.67
0.57
1.07
1.34
0.86
1.39
1.23
0.52
1.00
0.69
0.60
0.65
1.01
2.02
0.95
0.76
1.02
1.29
1.65
0.70
0.60
1.69
1.12
1.57
0.64
1.00
0.82
0.35
0.65
0.95
1.54
0.64
1.45
0.66
1.29
3.01
0.45
1.57
2.13
0.91
1.76
1.00
1.00
1.00
1.00
1.00
1.00
1.00
1.00
1.00
1.00
1.00
1.00
1.00
1.00
1.00
1.00
0.99
0.88
0.66
1.60
1.31
1.26
0.73
1.01
1.20
1.75
0.81
0.82
1.47
1.25
1.19
0.82
1.02
1.58
1.54
1.43
0.45
1.85
1.56
1.03
0.16
1.05
0.61
1.02
1.12
0.95
0.77
1.13
1.22
0.66
0.83
1.18
2.32
0.84
0.88
1.07
1.01
1.17
0.00
1.03
0.83
0.84
0.81
1.41
0.00
1.41
1.29
1.11
0.53
0.98
0.17
0.51
1.48
1.08
0.42
0.00
1.59
1.14
0.93
0.64
0.88
1.04
1.27
0.43
0.84
0.77
1.14
1.01
0.83
0.93
0.78
0.99
0.40
1.46
0.00
0.71
0.80
1.18
1.17
0.98
1.78
0.83
1.55
1.66
1.12
0.80
1.67
1.01
0.72
0.69
1.12
1.13
0.60
0.73
0.48
0.00
0.68
0.26
0.00
1.28
0.27
1.20
0.93
1.42
1.31
1.24
0.91
1.32
1.20
1.25
0.83
0.66
0.90
1.00
0.77
0.32
