1.26
0.91
0.65
0.94
1.00
0.83
1.28
1.05
0.73
1.06
0.80
0.72
0.37
0.76
0.54
1.10
0.91
0.41
1.16
1.41
1.20
1.03
1.44
1.00
1.11
0.83
0.75
1.00
1.04
0.47
1.05
1.84
0.30
4.00
0.95
1.36
1.96
1.02
0.87
2.05
2.10
1.00
0.53
0.86
0.85
0.65
0.65
0.93
1.34
0.74
0.51
2.22
1.15
0.77
1.16
0.44
1.11
1.03
1.00
0.40
0.82
1.08
2.00
0.00
0.50
0.56
1.56
0.47
2.22
0.96
1.23
2.16
0.69
0.58
1.00
1.00
1.00
1.00
1.00
1.00
1.00
1.00
1.00
1.00
1.00
1.00
1.00
1.00
1.00
1.00
1.25
0.71
1.10
1.15
1.82
1.42
1.64
1.59
1.59
1.00
0.83
1.11
1.42
0.62
0.48
1.37
0.84
0.00
0.52
0.86
0.85
1.15
0.51
1.00
1.39
1.49
1.82
0.79
0.55
0.85
1.26
0.75
0.91
0.87
0.54
1.92
2.40
0.85
0.79
0.78
1.53
1.07
0.00
0.00
1.18
3.48
2.00
1.60
5.00
1.48
0.35
1.36
0.00
1.15
0.78
0.93
1.64
2.06
0.89
0.00
1.12
1.23
0.69
1.42
0.87
0.98
0.43
0.98
0.93
0.70
0.82
0.94
1.49
1.45
1.06
1.69
2.00
0.82
0.00
1.51
1.35
1.00
0.16
0.41
0.00
0.76
0.00
1.77
1.19
0.38
0.66
1.25
1.03
0.83
0.69
0.99
1.30
0.86
1.39
1.00
1.11
1.11
0.00
1.68
0.00
1.27
0.97
0.26
0.69
0.62
0.98
0.88
0.78
0.94
1.62
0.68
1.41
0.44
1.18
0.64
