0.90
1.19
1.15
0.93
1.00
0.91
1.04
1.16
1.24
0.99
0.94
1.23
0.63
1.04
0.79
0.91
0.73
0.71
1.11
1.08
0.57
0.76
1.31
1.00
0.81
0.50
0.68
0.78
1.29
1.29
0.87
1.16
1.44
0.67
0.65
1.04
1.34
0.85
1.41
1.23
0.53
1.00
0.69
0.60
0.67
1.01
1.99
0.96
0.76
1.02
1.37
1.65
0.65
0.60
1.69
1.11
1.55
0.64
1.00
0.75
0.35
0.64
0.95
1.51
0.62
1.51
0.66
1.31
3.01
0.47
1.52
2.06
0.91
1.77
1.00
1.00
1.00
1.00
1.00
1.00
1.00
1.00
1.00
1.00
1.00
1.00
1.00
1.00
1.00
1.00
1.00
0.86
0.66
1.60
1.31
1.28
0.75
1.01
1.19
1.75
0.89
0.87
1.44
1.19
1.17
0.82
1.04
1.58
1.52
1.43
0.45
1.85
1.54
1.03
0.16
1.04
0.60
1.06
1.11
0.94
0.77
1.14
1.20
0.70
0.83
1.21
2.37
0.83
0.88
1.06
1.02
1.20
0.00
1.03
0.83
0.84
0.81
1.41
0.00
1.41
1.29
1.11
0.53
0.98
0.17
0.50
1.45
1.08
0.48
0.00
1.56
1.10
0.93
0.71
0.84
1.08
1.30
0.43
0.85
0.75
1.10
1.01
0.83
0.92
0.78
0.99
0.40
1.44
0.00
0.70
0.81
1.18
1.10
1.03
1.78
0.83
1.55
1.66
1.12
0.80
1.67
1.01
0.70
0.66
1.10
1.10
0.59
0.71
0.47
0.00
0.65
0.26
0.00
1.28
0.26
1.21
0.93
1.48
1.30
1.26
0.91
1.29
1.27
1.23
0.83
0.64
0.89
0.98
0.77
0.32
