1.28
0.47
0.75
0.47
1.00
0.59
0.90
1.00
0.47
1.27
1.40
0.33
1.60
1.18
1.06
0.89
0.76
0.35
0.81
1.18
1.45
1.69
1.48
1.00
1.48
1.69
0.57
0.35
0.65
0.31
1.52
0.00
1.28
0.94
0.64
1.11
0.71
1.19
0.73
1.67
1.33
1.00
0.97
0.77
1.32
1.66
0.35
0.51
1.43
0.73
0.42
0.00
1.28
0.69
0.41
0.32
0.91
1.09
1.00
0.98
0.62
0.93
1.77
0.00
0.32
1.43
0.67
0.42
1.20
1.50
1.10
1.74
0.91
0.73
1.00
1.00
1.00
1.00
1.00
1.00
1.00
1.00
1.00
1.00
1.00
1.00
1.00
1.00
1.00
1.00
0.39
0.78
1.61
0.87
0.30
1.00
1.78
1.06
0.36
0.00
0.83
1.44
1.26
0.84
0.29
0.98
1.17
2.97
1.11
0.47
1.56
0.65
2.50
0.00
0.26
1.02
1.05
0.78
0.40
0.85
0.54
1.59
1.27
0.25
1.57
0.76
1.12
0.98
0.96
0.82
0.70
1.35
0.00
0.55
0.75
0.66
0.00
1.29
0.00
2.05
2.50
0.49
1.22
0.96
1.02
1.00
0.92
1.60
0.70
0.40
0.24
1.11
1.19
0.90
1.26
1.31
0.80
0.79
0.73
1.90
0.77
0.73
0.44
0.93
0.99
1.81
1.03
0.54
0.67
0.97
1.46
1.21
1.03
0.48
1.56
1.46
1.38
0.77
1.04
0.58
0.62
0.41
0.95
0.52
0.98
1.16
1.22
1.20
1.17
0.00
0.93
1.37
0.64
0.81
1.56
1.57
1.03
1.15
1.09
0.66
1.36
0.57
0.59
0.87
1.04
2.68
0.48
1.24
0.97
1.16
