0.89
1.21
1.16
0.89
1.00
0.99
1.02
1.20
1.06
0.93
0.96
1.19
0.64
1.00
0.79
0.91
0.72
0.71
1.11
1.09
0.57
0.78
1.32
1.00
0.81
0.51
0.64
0.78
1.23
1.32
0.87
1.16
1.47
0.67
0.67
1.00
1.45
0.86
1.36
1.23
0.52
1.00
0.63
0.61
0.70
1.11
2.08
0.93
0.79
1.02
1.37
1.65
0.70
0.60
1.69
1.09
1.46
0.64
1.00
0.85
0.35
0.65
1.00
1.37
0.66
1.48
0.66
1.27
3.01
0.46
1.51
2.06
0.91
1.77
1.00
1.00
1.00
1.00
1.00
1.00
1.00
1.00
1.00
1.00
1.00
1.00
1.00
1.00
1.00
1.00
1.00
0.77
0.64
1.66
1.14
1.32
0.75
1.07
1.06
1.75
0.88
0.90
1.44
1.22
1.15
0.82
1.07
1.65
1.60
1.41
0.46
1.91
1.54
1.03
0.17
1.05
0.60
0.99
1.13
0.89
0.80
1.10
1.21
0.71
0.76
1.26
2.37
0.83
0.87
1.08
1.05
1.20
0.00
0.72
0.79
0.90
0.81
1.49
0.00
1.41
1.33
1.11
0.57
1.03
0.17
0.54
1.50
1.08
0.50
0.00
1.64
1.12
0.93
0.74
0.88
1.06
1.26
0.46
0.83
0.75
1.10
0.97
0.79
0.92
0.78
0.99
0.45
1.44
0.00
0.72
0.79
1.18
1.12
1.03
1.78
0.83
1.55
1.70
1.12
0.80
1.58
1.02
0.70
0.66
1.08
1.12
0.59
0.73
0.48
0.00
0.65
0.26
0.00
1.28
0.26
1.22
0.93
1.44
1.31
1.18
0.91
1.31
1.29
1.29
0.83
0.64
0.90
0.94
0.76
0.33
