1.30
0.47
0.75
0.51
1.00
0.56
0.90
1.02
0.47
1.26
1.35
0.33
1.50
1.17
1.06
0.91
0.71
0.35
0.83
1.21
1.45
1.75
1.42
1.00
1.48
1.81
0.57
0.35
0.68
0.31
1.52
0.00
1.28
0.94
0.61
1.11
0.47
1.19
0.75
1.67
1.33
1.00
0.95
0.77
1.27
1.66
0.35
0.52
1.29
0.73
0.42
0.00
1.30
0.78
0.41
0.32
0.96
1.09
1.00
0.90
0.62
0.95
1.77
0.00
0.34
1.43
0.67
0.42
1.20
1.51
1.07
1.74
0.89
0.73
1.00
1.00
1.00
1.00
1.00
1.00
1.00
1.00
1.00
1.00
1.00
1.00
1.00
1.00
1.00
1.00
0.39
0.80
1.59
0.87
0.34
0.97
1.78
1.16
0.36
0.00
0.98
1.35
1.26
0.83
0.30
0.98
1.16
2.97
1.11
0.49
1.63
0.65
2.50
0.00
0.20
0.95
1.05
0.78
0.40
0.85
0.56
1.68
1.26
0.26
1.57
0.72
1.12
1.01
0.99
0.86
0.67
1.30
0.00
0.55
0.69
0.66
0.00
1.41
0.00
2.05
2.22
0.49
1.26
1.02
1.02
0.95
0.92
1.60
0.75
0.40
0.24
1.15
1.19
0.78
1.33
1.38
0.80
0.79
0.77
1.90
0.67
0.74
0.44
0.95
1.00
1.81
1.19
0.54
0.67
0.93
1.49
1.21
1.03
0.48
1.56
1.46
1.38
0.77
1.04
0.58
0.65
0.41
0.95
0.52
1.02
1.04
1.22
1.18
1.19
0.00
0.93
1.37
0.64
0.81
1.56
1.46
0.99
1.15
1.11
0.66
1.49
0.57
0.64
0.88
1.04
2.68
0.48
1.27
0.91
1.16
