1.28
0.84
0.52
0.94
1.00
0.79
1.20
1.12
0.73
1.03
0.80
0.70
0.37
0.75
0.54
1.10
0.91
0.41
1.19
1.43
1.20
1.06
1.44
1.00
1.11
0.75
0.76
1.00
0.93
0.48
1.05
1.84
0.32
4.00
0.92
1.38
2.35
1.07
0.87
2.05
2.10
1.00
0.42
0.86
0.92
0.65
0.65
0.93
1.34
0.74
0.51
2.22
1.15
0.74
1.16
0.47
1.11
1.03
1.00
0.40
0.82
1.11
2.00
0.00
0.50
0.56
1.56
0.47
2.22
0.96
1.20
2.16
0.69
0.58
1.00
1.00
1.00
1.00
1.00
1.00
1.00
1.00
1.00
1.00
1.00
1.00
1.00
1.00
1.00
1.00
1.40
0.75
1.13
1.15
1.43
1.38
1.73
1.77
1.49
1.00
0.85
1.05
1.81
0.74
0.48
1.37
0.84
0.00
0.46
0.86
0.85
1.15
0.51
1.00
1.60
1.61
1.82
0.72
0.29
0.81
1.37
0.84
0.91
0.82
0.54
1.86
2.77
0.77
0.77
0.76
1.51
1.13
0.00
0.00
1.17
4.00
2.00
1.90
5.00
1.48
0.38
1.36
0.00
1.04
0.73
1.00
1.84
2.06
0.85
0.00
1.25
1.09
0.69
1.47
0.98
0.95
0.45
0.85
1.09
0.70
0.86
0.94
1.49
1.42
1.01
1.69
4.00
0.82
0.00
1.48
1.45
1.00
0.17
0.43
0.00
0.76
0.00
1.94
1.19
0.38
0.66
1.25
0.93
0.83
0.69
0.99
1.30
0.83
1.37
1.00
1.11
1.11
0.00
1.68
0.00
1.27
1.02
0.28
0.68
0.60
0.95
0.71
0.78
0.96
1.62
0.66
1.36
0.43
1.19
0.63
