1.33
0.47
0.73
0.47
1.00
0.59
0.90
0.99
0.47
1.27
1.35
0.34
1.60
1.18
1.11
0.83
0.76
0.36
0.81
1.21
1.45
1.69
1.48
1.00
1.48
1.77
0.59
0.35
0.69
0.31
1.56
0.00
1.28
0.52
0.66
1.08
0.87
1.22
0.47
1.67
1.33
1.00
0.88
0.77
1.34
1.28
0.35
0.48
1.43
0.80
0.48
0.00
1.28
0.76
0.41
0.33
0.96
1.09
1.00
0.88
0.62
0.92
1.77
0.00
0.33
1.43
0.67
0.42
1.20
1.55
1.07
1.74
0.92
0.73
1.00
1.00
1.00
1.00
1.00
1.00
1.00
1.00
1.00
1.00
1.00
1.00
1.00
1.00
1.00
1.00
0.39
0.85
1.61
0.87
0.30
1.04
1.60
1.06
0.40
0.00
0.94
1.45
1.33
0.76
0.32
0.98
1.15
2.97
1.11
0.47
1.56
0.00
2.73
0.00
0.26
1.02
1.05
0.73
0.40
0.83
0.54
1.57
1.29
0.27
1.57
0.72
0.98
1.00
0.97
0.82
0.70
1.35
0.00
0.55
0.81
0.66
0.00
1.29
0.00
2.05
2.86
0.49
1.22
0.96
1.02
1.00
0.92
1.78
0.70
0.47
0.24
1.11
1.19
0.90
1.25
1.31
0.80
0.84
0.73
2.06
0.78
0.72
0.44
0.95
0.96
1.94
1.03
0.54
0.75
1.06
1.49
0.95
1.03
0.50
1.56
1.46
1.38
0.77
0.99
0.72
0.43
0.44
0.95
0.52
0.88
1.13
1.22
1.24
1.17
0.00
1.22
1.48
0.71
0.57
1.64
1.53
0.88
1.23
1.07
0.73
1.47
0.57
0.65
0.86
1.04
2.67
0.48
1.25
0.98
1.15
