0.87
1.20
1.15
0.92
1.00
0.90
1.01
1.19
1.24
1.00
0.93
1.20
0.63
1.03
0.85
0.95
0.73
0.73
1.11
1.09
0.58
0.78
1.34
1.00
0.77
0.52
0.69
0.82
1.31
1.32
0.88
1.23
1.44
0.73
0.62
1.06
1.38
0.77
1.35
1.09
0.53
1.00
0.59
0.62
0.68
1.05
1.99
0.96
0.77
1.05
1.37
1.79
0.70
0.60
1.75
1.13
1.54
0.64
1.00
0.83
0.35
0.64
0.95
1.56
0.66
1.45
0.66
1.25
3.01
0.44
1.53
2.13
0.89
1.75
1.00
1.00
1.00
1.00
1.00
1.00
1.00
1.00
1.00
1.00
1.00
1.00
1.00
1.00
1.00
1.00
0.78
0.94
0.65
1.60
1.28
1.32
0.79
1.04
1.21
2.12
0.83
0.89
1.48
1.23
1.17
0.82
1.05
1.58
1.60
1.40
0.48
1.93
1.58
1.03
0.16
1.01
0.61
1.03
1.08
0.93
0.77
1.15
1.17
0.72
0.84
1.22
2.43
0.79
0.85
1.07
1.05
1.21
0.00
1.03
0.85
0.84
0.81
1.41
0.00
1.41
1.33
0.77
0.54
0.98
0.17
0.47
1.57
1.08
0.48
0.00
1.55
1.10
0.93
0.71
0.79
1.08
1.29
0.46
0.82
0.66
1.14
1.01
0.80
0.94
0.79
1.29
0.40
1.39
0.00
0.64
0.73
1.22
1.16
1.02
1.78
0.72
1.74
1.66
1.14
0.86
1.62
0.92
0.70
0.66
1.13
1.16
0.60
0.69
0.48
0.00
0.40
0.28
0.00
1.19
0.00
1.21
0.93
1.52
1.29
1.29
0.91
1.30
1.24
1.29
0.85
0.66
0.77
1.00
0.76
0.33
