1.26
0.89
0.63
0.94
1.00
0.79
1.28
1.09
0.73
0.98
0.81
0.70
0.37
0.72
0.61
1.05
0.90
0.42
1.22
1.43
1.25
0.96
1.56
1.00
1.16
0.75
0.78
1.00
1.04
0.47
1.05
1.52
0.30
4.00
0.95
1.38
1.96
0.98
0.87
2.05
2.10
1.00
0.53
0.86
0.90
0.65
0.65
0.93
1.13
0.87
0.51
4.00
1.16
0.75
1.26
0.46
1.08
1.03
1.00
0.40
0.82
1.11
2.00
0.00
0.50
0.56
1.32
0.47
2.22
0.96
1.20
2.02
0.72
0.58
1.00
1.00
1.00
1.00
1.00
1.00
1.00
1.00
1.00
1.00
1.00
1.00
1.00
1.00
1.00
1.00
1.36
0.80
0.98
1.15
2.03
1.38
1.61
1.73
1.62
1.00
0.84
1.15
2.01
0.62
0.40
1.37
0.85
0.00
0.54
0.86
0.59
1.25
0.51
1.00
1.45
1.44
2.01
0.84
0.62
0.83
1.26
0.80
0.87
0.93
0.59
1.85
2.77
0.82
0.79
0.77
1.52
1.12
0.00
0.00
1.28
3.48
2.00
1.74
1.00
1.48
0.35
1.36
0.00
1.15
0.73
0.95
1.33
2.06
0.89
0.00
1.25
1.19
0.69
1.46
0.93
1.01
0.47
0.88
1.06
0.82
0.91
0.91
1.46
1.37
1.06
2.35
2.00
0.89
0.00
1.55
1.47
1.00
0.17
0.41
0.00
0.82
0.00
1.77
1.19
0.38
0.76
1.25
0.93
0.83
0.61
1.01
1.37
0.87
1.33
1.00
1.43
0.00
0.00
1.89
0.00
1.27
1.00
0.27
0.62
0.50
0.95
0.88
0.80
0.97
1.78
0.67
1.26
0.42
1.22
0.64
