0.90
1.25
1.16
0.85
1.00
0.91
1.07
1.17
1.20
0.94
0.90
1.34
0.63
1.04
0.79
0.94
0.73
0.74
1.11
1.09
0.32
0.64
1.27
1.00
0.85
0.28
0.64
0.74
1.32
1.40
0.82
1.16
1.54
0.73
0.63
1.05
1.38
0.84
1.48
1.18
0.28
1.00
0.62
0.64
0.69
0.83
2.13
1.03
0.79
1.02
1.39
2.02
0.59
0.62
1.62
1.20
1.53
0.73
1.00
0.86
0.20
0.66
0.55
1.70
0.73
1.48
0.66
1.31
3.54
0.33
1.56
1.95
0.98
1.78
1.00
1.00
1.00
1.00
1.00
1.00
1.00
1.00
1.00
1.00
1.00
1.00
1.00
1.00
1.00
1.00
0.99
0.80
0.63
1.94
1.22
1.27
0.77
1.01
1.21
1.75
0.77
0.85
1.51
1.30
1.18
0.82
1.04
1.35
1.48
1.51
0.46
1.85
1.66
1.03
0.08
1.01
0.61
1.11
1.12
0.94
0.72
1.13
1.24
0.67
0.83
1.19
2.40
0.80
0.85
1.08
1.03
1.22
0.00
1.28
0.78
0.88
0.81
1.42
0.00
1.49
1.39
1.26
0.58
1.01
0.17
0.42
1.51
1.08
0.50
0.00
1.64
1.12
0.95
0.70
0.81
1.00
1.32
0.43
0.79
0.64
1.19
1.06
0.87
0.82
0.75
0.00
0.40
1.53
0.00
0.71
0.66
1.14
1.20
1.11
1.78
0.83
1.55
1.66
1.12
0.80
1.67
1.01
0.75
0.72
1.11
1.16
0.63
0.61
0.39
0.00
0.34
0.26
0.00
1.36
0.26
1.22
0.92
1.49
1.36
1.27
0.86
1.27
1.29
1.27
0.83
0.53
0.86
0.96
0.75
0.28
