1.26
0.94
0.74
0.82
1.00
0.59
1.32
1.11
0.76
1.00
0.75
0.74
0.37
0.77
0.54
1.14
0.90
0.43
1.17
1.43
1.20
0.84
1.52
1.00
1.16
0.87
0.73
0.77
1.04
0.50
1.09
1.84
0.34
4.00
0.98
1.38
1.96
0.94
0.92
2.19
1.98
1.00
0.53
0.86
0.90
0.65
0.79
1.22
1.41
0.74
0.28
2.22
1.06
0.77
0.84
0.50
0.98
1.15
1.00
0.44
0.87
1.15
2.00
0.00
0.57
0.59
1.56
0.29
2.22
0.93
1.16
1.68
0.73
0.60
1.00
1.00
1.00
1.00
1.00
1.00
1.00
1.00
1.00
1.00
1.00
1.00
1.00
1.00
1.00
1.00
1.40
0.71
1.05
1.39
1.90
1.37
1.64
1.59
1.49
1.00
0.87
1.17
1.81
0.72
0.45
1.37
0.77
0.00
0.00
0.90
0.85
1.15
0.57
1.00
1.31
1.56
1.82
0.81
0.55
0.84
1.09
0.69
0.89
0.82
0.54
1.90
2.77
0.85
0.77
0.77
1.55
1.13
0.00
0.00
1.13
3.48
2.00
1.46
5.00
1.68
0.37
3.00
0.00
1.15
0.76
0.89
2.09
2.06
0.93
0.00
1.37
1.14
0.75
1.54
0.84
0.96
0.50
0.98
1.06
0.70
0.78
0.97
1.64
1.43
1.06
1.02
2.00
0.97
0.00
1.51
1.29
0.63
0.18
0.44
0.00
0.76
0.00
1.77
1.19
0.38
0.66
1.25
0.98
0.83
0.57
1.05
1.39
0.76
1.37
1.00
1.11
1.11
0.00
1.68
0.00
1.27
1.00
0.26
0.73
0.60
0.95
0.69
0.73
0.97
1.62
0.71
1.39
0.39
1.17
0.64
