1.32
0.48
0.66
0.49
1.00
0.64
0.97
0.94
0.27
1.24
1.36
0.37
1.60
1.13
1.06
0.88
0.74
0.35
0.83
1.25
1.43
1.80
1.45
1.00
1.55
1.59
0.54
0.44
0.75
0.34
1.44
0.00
1.05
1.08
0.62
1.12
0.75
1.27
0.78
1.55
1.23
1.00
0.90
0.77
1.36
1.39
0.35
0.49
1.43
0.73
0.47
0.00
1.33
0.82
0.47
0.36
0.73
1.15
1.00
0.97
0.44
0.93
1.61
0.00
0.35
1.43
0.67
0.44
1.90
1.49
1.13
1.74
0.92
0.73
1.00
1.00
1.00
1.00
1.00
1.00
1.00
1.00
1.00
1.00
1.00
1.00
1.00
1.00
1.00
1.00
0.39
0.67
1.64
0.87
0.00
1.02
1.78
1.06
0.21
0.00
0.84
1.37
1.35
0.88
0.31
0.98
1.22
2.96
1.11
0.59
1.63
0.65
2.74
0.00
0.28
0.98
1.05
0.83
0.40
0.81
0.57
1.59
1.30
0.27
1.57
0.74
1.16
1.01
0.96
0.82
0.65
1.39
0.00
0.63
0.65
0.87
0.00
1.51
0.00
1.83
2.50
0.54
1.37
1.05
1.02
1.02
0.92
1.60
0.73
0.40
0.27
1.11
1.00
0.84
1.29
1.35
0.88
0.79
0.74
1.78
0.68
0.69
0.47
0.86
0.98
1.32
1.03
0.56
0.67
0.99
1.42
1.28
1.09
0.48
1.56
1.46
1.38
0.77
1.04
0.58
0.62
0.41
1.00
0.55
1.02
1.09
1.32
1.21
1.12
0.00
0.55
1.48
0.64
0.86
1.56
1.53
1.00
1.15
1.11
0.57
1.42
0.57
0.61
0.87
1.04
2.59
0.48
1.23
0.98
1.13
