1.31
0.49
0.77
0.50
1.00
0.59
0.84
1.03
0.47
1.34
1.33
0.33
1.64
1.23
0.92
0.88
0.68
0.38
0.81
1.22
1.52
1.65
1.43
1.00
1.48
1.67
0.60
0.35
0.65
0.33
1.52
0.00
1.28
0.94
0.64
1.03
0.71
1.19
0.73
1.45
1.33
1.00
0.97
0.77
1.39
1.66
0.41
0.49
1.43
0.73
0.42
0.00
1.27
0.80
0.46
0.34
0.92
1.09
1.00
0.95
0.62
0.95
1.77
0.00
0.32
1.43
0.67
0.42
1.20
1.59
1.03
1.74
0.89
0.73
1.00
1.00
1.00
1.00
1.00
1.00
1.00
1.00
1.00
1.00
1.00
1.00
1.00
1.00
1.00
1.00
0.39
0.78
1.58
0.87
0.30
1.00
1.78
1.06
0.36
0.00
0.91
1.41
1.26
0.84
0.29
0.98
1.17
3.49
1.11
0.47
1.56
0.65
2.50
0.00
0.27
1.06
1.05
0.78
0.40
0.78
0.62
1.67
1.27
0.25
1.57
0.76
1.05
1.02
0.97
0.74
0.67
1.31
0.00
0.55
0.75
0.66
0.00
1.29
0.00
2.19
2.50
0.49
1.12
0.96
1.08
0.89
0.92
1.60
0.65
0.40
0.24
1.02
1.25
0.95
1.26
1.35
0.80
0.79
0.79
1.90
0.74
0.74
0.48
0.93
0.96
1.81
1.03
0.54
0.67
0.97
1.46
1.21
1.03
0.48
1.56
1.56
1.38
0.86
0.88
0.58
0.65
0.41
0.79
0.56
0.98
1.11
1.21
1.26
1.16
0.00
1.11
1.37
0.64
0.85
1.56
1.44
1.01
1.15
1.10
0.71
1.47
0.59
0.67
0.84
1.04
2.66
0.52
1.24
0.99
1.16
