0.90
1.18
0.99
0.93
1.00
0.93
1.07
1.18
1.19
0.91
0.95
1.27
0.73
1.01
0.87
0.98
0.72
0.73
1.11
1.07
0.58
0.77
1.31
1.00
0.81
0.51
0.66
0.80
1.37
1.28
0.87
1.20
1.42
0.67
0.66
1.03
1.42
0.83
1.42
1.33
0.54
1.00
0.69
0.52
0.73
1.05
2.07
0.91
0.76
1.09
1.26
1.65
0.76
0.62
1.86
1.07
1.62
0.64
1.00
0.81
0.35
0.64
0.95
1.51
0.68
1.45
0.66
1.32
3.01
0.45
1.47
2.13
0.91
1.75
1.00
1.00
1.00
1.00
1.00
1.00
1.00
1.00
1.00
1.00
1.00
1.00
1.00
1.00
1.00
1.00
0.96
0.86
0.65
1.60
1.28
1.28
0.73
1.01
1.18
1.75
0.85
0.87
1.44
1.23
1.17
0.82
1.04
1.64
1.54
1.38
0.45
1.85
1.54
1.03
0.16
1.06
0.60
1.10
1.11
0.93
0.73
1.15
1.19
0.69
0.92
1.19
2.39
0.84
0.86
1.09
1.05
1.19
0.00
1.08
0.74
0.84
0.91
1.27
0.00
1.53
1.41
1.24
0.55
1.01
0.17
0.52
1.45
1.14
0.50
0.00
1.53
1.18
0.69
0.69
0.85
1.06
1.27
0.44
0.87
0.75
1.16
1.04
0.82
0.90
0.77
0.99
0.40
1.44
0.00
0.69
0.78
1.18
1.15
1.03
1.78
0.77
1.55
1.54
1.08
0.86
1.54
0.92
0.78
0.37
1.09
1.13
0.66
0.72
0.46
0.00
0.73
0.27
0.00
1.28
0.27
1.22
0.93
1.43
1.21
1.23
0.89
1.16
1.25
1.29
0.89
0.68
0.79
1.02
0.78
0.32
