1.33
0.85
0.66
0.94
1.00
0.79
1.32
1.11
0.77
1.03
0.79
0.70
0.41
0.71
0.54
1.03
0.85
0.22
1.22
1.43
1.20
1.03
1.44
1.00
1.11
0.87
0.70
1.09
1.04
0.47
1.05
1.79
0.30
4.00
1.01
1.40
2.18
1.00
0.87
2.13
2.07
1.00
0.53
0.86
0.83
0.65
0.35
0.98
1.34
0.74
0.57
2.22
1.14
0.70
1.26
0.47
1.16
1.03
1.00
0.40
0.82
1.13
2.00
0.00
0.51
0.56
1.56
0.47
2.22
0.96
1.20
2.16
0.70
0.58
1.00
1.00
1.00
1.00
1.00
1.00
1.00
1.00
1.00
1.00
1.00
1.00
1.00
1.00
1.00
1.00
1.25
0.71
1.08
1.15
1.82
1.39
1.64
1.59
1.49
1.00
0.90
1.11
1.81
0.67
0.45
1.37
0.81
0.00
0.46
0.86
0.85
1.15
0.51
1.00
1.39
1.49
1.82
0.79
0.55
0.77
1.17
0.80
0.90
0.86
0.54
1.96
2.77
0.81
0.80
0.82
1.56
1.15
0.00
0.00
1.18
3.48
2.00
1.60
5.00
1.12
0.42
1.36
0.00
1.22
0.78
0.86
1.64
1.94
0.86
0.00
1.25
1.28
0.73
1.57
0.95
0.99
0.43
0.98
1.07
0.70
0.71
0.95
1.57
1.44
1.03
1.69
2.00
0.82
0.00
1.51
1.40
1.00
0.16
0.41
0.00
0.76
0.00
1.77
1.32
0.43
0.66
1.25
1.03
0.83
0.71
1.06
1.37
0.69
1.37
1.00
1.11
1.11
0.00
1.68
0.00
1.27
1.03
0.27
0.72
0.64
0.76
0.97
0.84
0.90
1.82
0.37
1.36
0.38
1.21
0.60
