12
10
9
1
15
17
1
10
10
4
7
16
9
4
10
7
10
10
9
9
0
16
10
14
1
10
14
0
14
14
10
10
0
5
15
3
14
12
5
5
19
9
6
10
16
2
5
9
1
12
0
2
7
10
15
14
10
11
1
2
3
2
10
5
5
0
0
19
13
9
19
6
3
2
0
15
1
2
10
10
15
8
16
3
19
5
7
1
15
12
7
5
1
13
9
0
13
7
18
2
18
15
9
0
0
6
2
10
0
0
7
18
7
15
14
3
0
19
9
2
7
17
12
2
15
3
7
8
1
0
2
9
10
1
2
7
10
4
6
12
7
0
7
18
16
18
1
15
7
16
16
18
7
8
13
17
15
5
16
13
7
4
1
17
2
16
18
14
19
19
9
2
7
6
0
0
16
16
16
15
15
16
19
5
10
18
9
18
7
0
7
17
0
6
5
12
1
10
15
2
3
7
19
16
17
16
0
17
5
14
18
15
16
16
18
16
17
16
10
0
15
7
15
7
6
1
16
19
13
19
5
9
1
5
7
0
16
16
18
5
0
15
3
16
9
19
19
5
5
0
15
15
15
14
16
7
9
5
19
8
9
14
10
19
19
1
