1.36
0.47
0.75
0.47
1.00
0.61
0.78
0.99
0.47
1.27
1.37
0.38
1.79
1.17
1.06
0.88
0.74
0.36
0.79
1.14
1.45
1.69
1.51
1.00
1.48
1.69
0.58
0.35
0.65
0.31
1.48
0.00
1.28
0.94
0.64
1.11
0.71
1.19
0.73
1.67
1.33
1.00
0.97
0.80
1.35
1.66
0.39
0.48
1.31
0.73
0.42
0.00
1.30
0.76
0.41
0.22
0.91
1.20
1.00
0.98
0.62
0.90
1.77
0.00
0.34
1.19
0.00
0.42
1.20
1.58
1.07
1.74
0.93
0.77
1.00
1.00
1.00
1.00
1.00
1.00
1.00
1.00
1.00
1.00
1.00
1.00
1.00
1.00
1.00
1.00
0.39
0.78
1.54
0.87
0.30
1.00
1.78
1.06
0.36
0.00
0.93
1.41
1.26
0.84
0.29
0.98
1.17
2.97
1.11
0.49
1.48
0.65
2.46
0.00
0.27
1.06
1.05
0.84
0.42
0.79
0.54
1.59
1.24
0.26
1.69
0.81
1.12
1.02
0.99
0.84
0.71
1.36
0.00
0.55
0.75
0.66
0.00
1.29
0.00
2.05
2.50
0.49
1.22
0.96
1.02
1.05
0.52
1.60
0.74
0.40
0.24
1.11
1.19
0.87
1.23
1.33
0.72
0.72
0.69
1.90
0.74
0.71
0.45
0.94
1.02
2.04
1.40
0.58
0.67
0.93
1.61
1.21
1.10
0.51
0.00
1.68
1.38
0.43
1.04
0.63
0.76
0.25
0.95
0.52
0.98
1.13
1.22
1.18
1.20
0.00
0.93
1.37
0.64
0.81
1.56
1.56
0.94
1.15
1.07
0.62
1.36
0.57
0.64
0.85
1.04
2.63
0.49
1.20
1.00
1.15
