0.90
1.16
1.13
0.97
1.00
0.95
1.11
1.19
1.24
1.02
0.92
1.17
0.61
1.04
0.79
0.97
0.67
0.72
1.12
1.03
0.58
0.77
1.35
1.00
0.81
0.50
0.65
0.78
1.29
1.30
0.91
1.25
1.47
0.67
0.61
1.04
1.36
0.85
1.40
1.23
0.53
1.00
0.69
0.61
0.68
1.01
2.01
0.96
0.80
1.06
1.37
1.65
0.70
0.59
1.69
1.12
1.47
0.68
1.00
0.74
0.36
0.63
0.95
1.62
0.69
1.60
0.76
1.22
3.01
0.39
1.53
2.11
0.84
1.74
1.00
1.00
1.00
1.00
1.00
1.00
1.00
1.00
1.00
1.00
1.00
1.00
1.00
1.00
1.00
1.00
0.96
0.88
0.66
1.60
1.28
1.30
0.76
1.01
1.18
1.75
0.86
0.83
1.44
1.18
1.19
0.48
1.07
1.58
1.54
1.42
0.31
1.34
1.59
1.03
0.16
1.09
0.60
1.08
1.13
0.94
0.77
1.11
1.19
0.68
0.71
1.25
2.37
0.78
0.90
1.07
1.07
1.18
0.00
1.03
0.83
0.84
0.81
1.41
0.00
1.41
1.29
1.11
0.53
0.98
0.17
0.49
1.53
1.08
0.41
0.00
1.57
1.12
0.93
0.71
0.79
1.02
1.19
0.48
0.83
0.75
1.18
1.03
0.83
0.91
0.79
1.12
0.53
1.40
0.00
0.73
0.75
1.20
1.16
1.17
2.04
1.01
1.55
1.64
1.06
0.55
1.78
1.04
0.63
0.66
1.01
1.18
0.59
0.72
0.48
0.00
0.65
0.26
0.00
1.28
0.26
1.25
0.92
1.49
1.29
1.26
0.91
1.29
1.25
1.25
0.83
0.65
0.90
0.93
0.78
0.34
