1.23
0.89
0.65
1.11
1.00
0.79
1.32
1.08
0.73
1.04
0.79
0.78
0.21
0.73
0.54
1.11
0.90
0.41
1.21
1.41
1.08
1.05
1.38
1.00
1.11
0.83
0.76
1.00
1.04
0.48
1.13
2.17
0.30
4.00
0.98
1.40
1.96
1.02
0.87
2.05
2.08
1.00
0.53
0.86
0.90
0.65
0.65
0.93
1.40
0.00
0.51
2.22
1.17
0.74
1.16
0.44
1.11
1.03
1.00
0.40
0.82
1.06
2.00
0.00
0.39
0.60
1.56
0.47
2.22
0.99
1.22
2.16
0.64
0.61
1.00
1.00
1.00
1.00
1.00
1.00
1.00
1.00
1.00
1.00
1.00
1.00
1.00
1.00
1.00
1.00
1.25
0.56
1.15
1.15
1.82
1.39
1.64
1.59
1.49
1.00
0.91
1.13
1.81
0.59
0.45
1.55
0.77
0.00
0.52
0.70
0.85
1.15
0.51
1.00
1.39
1.61
1.82
0.79
0.60
0.77
1.26
0.83
0.94
0.89
0.58
1.89
2.77
0.83
0.83
0.76
1.54
1.06
0.00
0.00
1.18
3.48
2.00
1.60
5.00
1.48
0.35
1.36
0.00
1.15
0.73
0.87
1.64
2.06
0.89
0.00
1.25
1.09
0.69
1.50
0.96
0.97
0.49
1.05
1.04
0.70
0.76
0.94
1.49
1.43
1.06
1.69
0.00
0.82
0.00
1.38
1.20
1.00
0.17
0.49
0.00
1.06
0.00
1.88
1.28
0.38
0.83
1.05
0.82
0.83
0.74
0.99
1.30
0.86
1.39
1.00
1.11
1.11
0.00
1.68
0.00
1.26
0.95
0.26
0.71
0.54
0.95
0.88
0.79
0.94
1.62
0.66
1.36
0.43
1.15
0.69
