1.33
0.45
0.76
0.29
1.00
0.69
0.93
0.99
0.55
1.26
1.29
0.36
1.64
1.22
1.14
0.95
0.67
0.35
0.74
1.27
1.33
1.67
1.45
1.00
1.44
1.81
0.57
0.00
0.54
0.30
1.34
0.00
1.15
0.65
0.58
1.28
0.40
1.46
0.86
1.67
1.35
1.00
1.05
0.78
1.28
1.78
0.35
0.52
1.15
0.78
0.00
0.00
1.32
0.78
0.41
0.36
0.75
1.32
1.00
1.00
0.67
0.97
1.77
0.00
0.42
1.12
0.78
0.44
1.41
1.44
1.07
1.74
0.98
0.54
1.00
1.00
1.00
1.00
1.00
1.00
1.00
1.00
1.00
1.00
1.00
1.00
1.00
1.00
1.00
1.00
0.39
0.64
1.47
1.11
0.30
0.98
2.08
0.95
0.40
0.00
0.89
1.40
1.26
0.95
0.16
0.98
1.20
2.43
1.11
0.48
1.71
0.75
2.43
0.00
0.28
0.94
1.05
0.80
0.46
0.82
0.57
1.59
1.26
0.26
1.45
0.78
1.15
1.01
0.99
0.82
0.65
1.47
0.00
0.61
0.80
0.66
0.00
1.29
0.00
2.19
2.50
0.49
1.12
1.00
1.02
1.03
0.92
1.60
0.70
0.40
0.27
1.11
1.19
0.90
1.21
1.39
0.92
0.83
0.72
1.88
0.81
0.72
0.45
0.90
0.90
1.94
1.03
0.56
0.74
0.95
1.48
1.27
1.14
0.57
1.56
1.46
1.67
0.83
0.90
0.58
0.63
0.41
0.99
0.56
1.03
1.09
1.25
1.22
1.15
0.00
0.93
1.46
0.64
0.69
1.69
1.56
0.90
1.15
1.02
0.58
1.49
0.59
0.69
0.87
1.14
2.63
0.50
1.26
0.95
1.16
