0.89
1.28
1.20
0.99
1.00
1.06
1.01
1.16
1.37
0.98
0.85
1.36
0.66
1.02
0.83
0.96
0.67
0.73
1.06
1.08
0.53
0.65
0.79
1.00
0.69
0.54
0.67
0.67
1.14
1.44
0.42
1.00
1.56
0.74
0.49
1.12
1.27
1.01
1.61
1.11
0.48
1.00
0.75
0.53
0.65
1.08
2.01
0.98
0.51
1.04
1.36
1.72
0.72
0.59
1.71
1.16
1.50
0.00
1.00
0.80
0.39
0.66
1.08
1.54
0.77
1.23
0.77
1.42
3.40
0.36
1.58
1.93
0.95
1.90
1.00
1.00
1.00
1.00
1.00
1.00
1.00
1.00
1.00
1.00
1.00
1.00
1.00
1.00
1.00
1.00
0.78
0.75
0.56
1.53
1.29
1.31
0.53
0.62
1.27
1.82
0.80
0.90
1.51
1.30
1.21
0.85
1.04
1.06
1.58
1.52
0.50
1.96
1.53
1.10
0.09
0.87
0.62
1.10
1.19
0.93
0.86
1.17
1.25
0.74
0.76
1.17
2.42
0.83
0.85
1.03
0.98
1.24
0.00
1.28
0.84
0.88
0.88
1.23
0.00
1.39
1.36
1.14
0.43
1.02
0.17
0.49
1.39
1.10
0.48
0.00
1.59
1.10
0.94
0.71
0.79
1.00
1.34
0.47
0.80
0.63
1.27
1.08
0.80
0.80
0.64
0.99
0.41
1.52
0.00
0.67
0.77
1.24
1.23
1.11
1.78
0.83
1.63
1.76
1.05
0.80
1.78
1.01
0.62
0.67
1.16
1.16
0.60
0.71
0.41
0.00
0.67
0.26
0.00
1.09
0.26
1.07
0.78
1.52
1.34
1.29
0.93
1.34
1.44
1.26
0.85
0.59
0.91
0.92
0.74
0.29
