1.31
0.94
0.66
1.15
1.00
0.88
1.12
1.01
0.57
1.03
0.80
0.77
0.39
0.76
0.54
1.05
0.86
0.43
1.17
1.41
1.26
1.05
1.25
1.00
1.20
0.80
0.74
1.20
0.87
0.38
0.76
1.48
0.36
4.00
0.83
1.30
2.24
1.32
0.97
1.91
2.29
1.00
0.54
0.76
0.91
0.70
0.68
0.88
1.43
0.74
0.59
2.22
1.18
0.79
1.16
0.38
1.00
0.00
1.00
0.24
0.85
1.15
2.00
0.00
0.58
0.32
2.14
0.66
2.22
1.05
1.08
2.35
0.68
0.76
1.00
1.00
1.00
1.00
1.00
1.00
1.00
1.00
1.00
1.00
1.00
1.00
1.00
1.00
1.00
1.00
0.93
0.73
1.11
0.92
1.82
1.35
1.38
1.26
1.60
1.00
0.86
1.27
2.43
0.63
0.52
1.62
0.80
0.00
0.46
1.00
0.89
1.15
0.58
1.00
1.43
1.49
1.92
0.82
0.64
0.82
1.37
0.76
0.94
0.90
0.56
1.76
2.77
0.89
0.79
0.69
1.49
1.17
0.00
0.00
1.32
3.48
2.00
1.36
5.00
1.15
0.35
1.36
0.00
1.15
0.73
0.94
1.40
2.06
0.91
0.00
1.18
1.21
0.69
1.51
0.94
0.97
0.26
1.05
0.99
0.70
0.94
0.94
1.52
1.37
1.02
1.69
2.00
0.98
0.00
1.59
1.56
1.08
0.17
0.43
0.00
0.79
0.00
1.86
1.19
0.38
0.68
1.25
0.82
0.83
0.73
0.95
1.30
0.90
1.36
1.00
1.11
1.11
0.00
1.68
0.00
1.14
0.94
0.27
0.76
0.62
1.21
0.69
0.83
0.81
1.62
0.69
1.39
0.33
1.19
0.61
