1.26
0.89
0.63
0.94
1.00
0.79
1.28
1.08
0.73
1.01
0.79
0.70
0.37
0.76
0.54
1.08
0.89
0.41
1.20
1.42
1.20
1.03
1.44
1.00
1.11
0.83
0.74
1.00
1.04
0.47
1.05
1.84
0.30
4.00
0.95
1.38
1.96
1.02
0.87
2.26
2.10
1.00
0.53
0.86
0.84
0.65
0.65
0.87
1.34
0.74
0.51
2.22
1.15
0.76
1.16
0.44
1.11
1.03
1.00
0.40
0.82
1.11
2.00
0.00
0.50
0.56
1.56
0.47
2.22
0.96
1.20
2.16
0.69
0.58
1.00
1.00
1.00
1.00
1.00
1.00
1.00
1.00
1.00
1.00
1.00
1.00
1.00
1.00
1.00
1.00
1.25
0.71
1.08
1.15
1.82
1.39
1.64
1.59
1.49
1.00
0.90
1.11
1.81
0.67
0.45
1.37
0.81
0.00
0.46
0.86
0.85
1.15
0.51
1.00
1.39
1.54
1.82
0.79
0.55
0.81
1.26
0.81
0.91
0.86
0.54
1.92
2.77
0.84
0.77
0.76
1.52
1.17
0.00
0.00
1.18
3.48
2.00
1.60
5.00
1.48
0.35
1.36
0.00
1.15
0.73
0.93
1.64
2.06
0.91
0.00
1.25
1.19
0.69
1.46
0.85
0.97
0.43
0.98
1.04
0.70
0.82
0.95
1.49
1.42
1.05
1.69
2.00
0.82
0.00
1.51
1.40
1.00
0.16
0.41
0.00
0.76
0.00
1.77
1.19
0.38
0.66
1.25
0.93
0.83
0.69
0.99
1.30
0.85
1.32
1.00
1.11
1.11
0.00
1.68
0.00
1.24
1.00
0.26
0.68
0.60
0.95
0.88
0.78
0.94
1.62
0.66
1.36
0.42
1.19
0.64
