1.30
0.52
0.73
0.47
1.00
0.59
0.83
0.99
0.51
1.24
1.39
0.35
1.60
1.16
1.06
0.86
0.75
0.35
0.82
1.17
1.40
1.69
1.60
1.00
1.42
1.69
0.60
0.35
0.71
0.21
1.52
0.00
1.28
0.94
0.61
1.06
0.71
1.16
0.73
1.67
1.37
1.00
0.97
0.77
1.31
1.66
0.38
0.49
1.43
0.73
0.42
0.00
1.27
0.76
0.41
0.32
0.91
1.09
1.00
0.95
0.64
0.92
1.77
0.00
0.33
1.49
0.67
0.42
1.20
1.48
1.07
1.74
0.79
0.73
1.00
1.00
1.00
1.00
1.00
1.00
1.00
1.00
1.00
1.00
1.00
1.00
1.00
1.00
1.00
1.00
0.39
0.80
1.60
0.87
0.30
1.00
1.88
1.06
0.36
0.00
0.93
1.41
1.26
0.84
0.29
0.98
1.17
2.97
1.11
0.47
1.56
0.65
2.50
0.00
0.26
1.02
1.05
0.80
0.40
0.82
0.54
1.52
1.27
0.25
1.57
0.76
1.12
1.00
0.98
0.82
0.68
1.36
0.00
0.67
0.75
0.66
0.00
1.00
0.00
2.05
2.50
0.49
1.22
0.96
1.02
0.99
0.92
1.60
0.71
0.43
0.25
1.11
1.19
0.85
1.33
1.34
0.80
0.79
0.76
1.95
0.73
0.67
0.44
0.92
1.00
1.81
1.03
0.54
0.67
0.97
1.46
1.21
0.91
0.48
1.56
1.46
1.38
0.77
1.04
0.58
0.62
0.41
0.95
0.52
0.98
1.13
1.22
1.23
1.19
0.00
0.93
1.48
0.64
0.84
1.43
1.56
0.99
1.15
1.13
0.66
1.43
0.57
0.63
0.87
1.04
2.68
0.48
1.27
0.98
1.15
