0.87
1.15
1.15
0.86
1.00
0.94
1.07
1.15
1.25
1.02
0.94
1.30
0.63
1.05
0.86
0.91
0.73
0.71
1.13
1.12
0.60
0.76
1.41
1.00
0.83
0.50
0.67
0.79
1.39
1.26
0.87
1.16
1.49
0.67
0.68
1.05
1.34
0.82
1.36
1.23
0.53
1.00
0.69
0.60
0.68
1.01
2.03
0.91
0.76
1.02
1.37
1.65
0.70
0.60
1.69
1.08
1.57
0.64
1.00
0.81
0.37
0.67
0.95
1.30
0.70
1.48
0.66
1.29
2.20
0.49
1.58
2.06
0.88
1.71
1.00
1.00
1.00
1.00
1.00
1.00
1.00
1.00
1.00
1.00
1.00
1.00
1.00
1.00
1.00
1.00
0.96
0.87
0.65
1.60
1.20
1.29
0.74
1.01
1.18
1.99
0.86
0.87
1.44
1.23
1.13
0.82
1.04
1.30
1.52
1.43
0.45
1.85
1.55
1.03
0.16
1.04
0.60
1.03
1.12
0.96
0.79
1.15
1.20
0.70
0.83
1.22
2.36
0.82
0.85
1.06
1.05
1.19
0.00
1.03
0.84
0.88
0.81
1.41
0.00
1.44
1.29
1.11
0.53
1.00
0.17
0.45
1.47
1.08
0.49
0.00
1.50
1.11
0.93
0.74
0.87
1.03
1.29
0.43
0.84
0.78
1.16
1.02
0.83
0.93
0.79
0.99
0.40
1.37
0.00
0.70
0.78
1.18
1.16
0.99
1.78
0.83
1.55
1.66
1.12
0.80
1.67
1.01
0.71
0.66
1.07
1.14
0.59
0.68
0.47
0.00
0.72
0.26
0.00
1.42
0.29
1.21
0.93
1.48
1.30
1.21
0.89
1.29
1.23
1.27
0.83
0.64
0.89
0.96
0.76
0.33
