1a0s	206	5.11646332429	824	5.15004652442	1670	5.6192928539	220	5.16635701879	880	5.18539172066	1783	5.66959252527
1bxw	88	1.35779124619	352	1.39171361327	692	2.73595380298	103	1.43590267177	412	1.46890302566	810	2.78126971478
1e54	152	3.02533616004	608	3.0317599127	1158	3.54129072149	177	3.08550335905	708	3.09911239537	1357	3.61824834461
1fep	239	4.4931960279	956	4.51752131591	1936	5.01180785053	304	5.13176919304	1216	5.14334214347	2479	5.69224715035
1i78	115	3.69398505301	460	3.6938711811	904	4.52188305947	212	4.84642074914	848	4.84750258782	1705	5.81607096487
1k24	125	4.78800361615	500	4.8004917292	990	5.30756150407	155	4.83639281635	620	4.85230415882	1231	5.49301676231
1kmo	237	2.68460339912	948	2.71354281436	1930	3.34562415042	312	3.15894072866	1248	3.19485519331	2570	3.89176086726
1nqe	219	2.82040522708	876	2.8451165534	1769	3.53938136301	290	3.52404342762	1160	3.53188288173	2371	4.22997772969
1p4t	91	1.37643540705	364	1.45472744211	689	2.25878968392	111	1.75842683491	444	1.84192708659	847	2.80617552862
1prn	155	2.44036645565	620	2.43669248704	1201	3.1657292485	156	2.43561346281	624	2.43211968213	1209	3.15939495257
1qd6	136	5.52648213218	544	5.54641521219	1140	6.65694687446	144	5.69805516165	576	5.7042912998	1209	6.86339217312
1qj8	86	2.64656142865	344	2.64868493669	658	3.46788389172	121	3.00706967072	484	3.01599583734	947	3.92995411173
1t16	144	2.19859065563	576	2.22808366723	1167	2.99351767686	184	2.83280383604	736	2.84580458858	1483	3.66523397147
1thq	85	3.32341534522	340	3.35121881983	711	4.28132179809	85	3.32341534522	340	3.35121881983	711	4.28132179809
1tly	139	4.68892356344	556	4.70979292587	1200	5.52883495011	145	4.70686393083	580	4.72366073889	1246	5.55132782108
1uyn	141	1.41097688464	564	1.45513598794	1014	2.73255068721	188	1.52691250831	752	1.56688174092	1380	3.00007833651
1xkw	239	3.27539907061	956	3.30032490747	1867	3.8329194941	326	3.87427591244	1304	3.89056481087	2580	4.36664958506
2erv	94	3.89877816809	376	3.94184139368	751	4.51465860069	94	3.89877816809	376	3.94184139368	751	4.51465860069
2f1c	148	3.06177152328	592	3.08681189137	1258	4.12052327569	172	3.1114428335	688	3.14602153909	1464	4.22360188567
2f1t	84	3.12086553544	336	3.12605365289	678	3.94407929786	92	3.21017017912	368	3.20088180585	745	4.14134684991
2fcp	224	2.81452867653	896	2.83633562251	1802	3.443093206	337	5.16199690039	1348	5.2023986145	2726	5.61729531884
2lhf	77	1.48396286078	308	1.50272379405	613	2.55138048703	78	1.48735469034	312	1.50823457508	621	2.54367573053
2mlh	69	1.43865129303	276	1.49249724995	533	2.48443713766	69	1.43865129303	276	1.49249724995	533	2.48443713766
2mpr	205	6.06346647069	820	6.07820356883	1670	6.82188223249	245	7.63203438491	980	7.64795513186	1989	8.23264160834
2o4v	166	3.2588263741	664	3.2855157816	1358	4.23343673128	203	3.53137894655	812	3.57804477243	1636	4.42961578898
2omf	156	2.58604000017	624	2.60513301699	1255	3.78223475396	182	2.78803925678	728	2.79931592833	1450	3.91278507178
2por	157	2.76012409296	628	2.76364459748	1183	3.34621106997	171	2.79229385724	684	2.80129633056	1293	3.36754090403
2qdz	174	6.19397785328	696	6.18496325402	1371	6.68770397609	197	5.98313826062	788	5.97097423872	1562	6.48861313783
2vqi	242	6.03646079819	968	6.06379288007	1878	6.58462546316	279	6.39309267521	1116	6.42637866442	2202	7.00296245876
2wjr	124	2.92115331748	496	2.94810224649	1072	3.60996586713	130	2.90566149778	520	2.94202091904	1119	3.6095727478
2ynk	171	3.61668074481	684	3.61998672068	1344	4.40260677111	190	3.88654944855	760	3.92763578881	1503	4.67308785697
3aeh	142	1.78334515815	568	1.78878525218	1112	2.98470649608	187	1.81096998762	748	1.80970701419	1468	2.92008335126
3bs0	130	1.25298800227	520	1.3103493236	1000	2.38671048002	152	1.99429386296	608	2.01960020661	1178	3.14342841615
3csl	219	2.69697875596	876	2.71292651994	1740	3.3787479321	299	3.15014347782	1196	3.16251878187	2411	3.91151616051
3dwo	139	3.15882002156	556	3.15752071618	1076	3.72893044284	195	3.81009454302	780	3.82879532649	1505	4.36563345048
3dzm	93	2.84247487389	372	2.8491280811	712	3.53832631738	111	3.00355242728	444	3.00624273355	847	3.77633339509
3fid	128	6.57273230664	512	6.56137443864	983	6.86407989987	149	6.60916130282	596	6.58594136349	1161	7.040958903
3kvn	136	1.60536565478	544	1.61758439763	1083	3.08442704034	192	2.0260929784	768	2.03350048812	1534	3.3799298258
3rbh	194	4.34315660962	776	4.36126197086	1602	5.26394024685	226	4.27934871653	904	4.29996955751	1851	5.16307312844
3rfz	243	4.71661885741	972	4.74959688923	1909	5.41713143977	274	4.77829091786	1096	4.7999997136	2165	5.53578232092
3syb	189	3.67034846168	756	3.72510665385	1515	4.35925836646	219	3.67307521084	876	3.7141584127	1753	4.44021550415
3szv	183	3.16423602683	732	3.20223944281	1462	3.8332142275	219	3.13106173663	876	3.16855404303	1753	3.83013462276
3v8x	217	2.56190754935	868	2.58813192338	1747	3.67455190776	350	4.9384651487	1400	4.96492232293	2854	5.71603899144
3vzt	151	3.47833663818	604	3.48411413436	1163	4.03701183649	183	3.74763089808	732	3.74897822054	1430	4.46700359632
4c00	183	4.66836056643	732	4.680033173	1496	5.16216032837	198	4.76268301614	792	4.78024894881	1615	5.25331484033
4e1s	134	3.07514593215	536	3.09679622583	1084	3.82733218562	136	3.07438688591	544	3.0955849635	1101	3.82112334812
4gey	170	4.61129584574	680	4.63608189315	1408	5.3221167676	181	4.68901582502	724	4.69396146018	1493	5.41782985613
4pr7	111	3.89848562372	444	3.91097783136	933	4.35759415499	126	3.9809219203	504	3.99611870525	1045	4.40485577498
4q35	288	7.24896661552	1152	7.25299045747	2386	7.73331502802	310	7.54004152272	1240	7.54108178942	2569	8.02862963986
3.45860788175
