4c4v	165	4.68388460083	660	4.70311640858	1295	5.28812436161	178	4.59462012758	712	4.6171237948	1402	5.21447397274
4n75	171	3.42596434339	684	3.46186779501	1331	4.10102728485	187	3.50514719545	748	3.53603987918	1463	4.23063384167
4k3c	179	9.42778614846	716	9.4656332479	1354	9.90390661284	188	9.57292133362	752	9.60799809098	1441	10.0795777104
4k3b	171	4.99329333141	684	5.02653561084	1295	5.48725436876	185	5.00149995068	740	5.03084743899	1410	5.5238750639

1a0s	206	5.12788075946	824	5.15004652442	1670	5.63359966766	220	5.17748436029	880	5.18539172066	1783	5.68234319129
1bxw	88	1.35888970073	352	1.39171361327	692	2.73595380298	103	1.43879303208	412	1.46890302566	810	2.78126971478
1e54	152	3.02477209943	608	3.0317599127	1158	3.53628385874	177	3.08625860969	708	3.09911239537	1357	3.61472520102
1fep	239	4.49589237917	956	4.51752131591	1936	5.01373844108	304	5.13732548468	1216	5.14334214347	2479	5.69348703087
1i78	115	3.6960793752	460	3.6938711811	904	4.48445962487	212	4.85206531547	848	4.84750258782	1705	5.76995651771
1k24	125	4.79659293383	500	4.8004917292	990	5.27533683361	155	4.84436606778	620	4.85230415882	1231	5.46976732749
1kmo	237	2.68973026872	948	2.71354281436	1930	3.34997928252	312	3.16694415968	1248	3.19485519331	2570	3.89378079505
1nqe	219	2.82290218701	876	2.8451165534	1769	3.5308693148	290	3.53010893573	1160	3.53188288173	2371	4.22479001264
1p4t	91	1.38827097857	364	1.45472744211	689	2.25905558589	111	1.76907441039	444	1.84192708659	847	2.7999768271
1prn	155	2.4373545407	620	2.43669248704	1201	3.19290529941	156	2.43264154311	624	2.43211968213	1209	3.18657027825
1qd6	136	5.52217675366	544	5.54641521219	1140	6.64455558132	144	5.69486037336	576	5.7042912998	1209	6.8518905946
1qj8	86	2.67000294503	344	2.64868493669	658	3.46922638619	121	3.02348388711	484	3.01599583734	947	3.93057383158
1t16	144	2.20158035115	576	2.22808366723	1167	2.99530474747	184	2.83648002289	736	2.84580458858	1483	3.66664660887
1thq	85	3.31971634691	340	3.35121881983	711	4.28132179809	85	3.31971634691	340	3.35121881983	711	4.28132179809
1tly	139	4.69148699022	556	4.70979292587	1200	5.51896427848	145	4.70987757477	580	4.72366073889	1246	5.5418315539
1uyn	141	1.41270953643	564	1.45513598794	1014	2.72905647422	188	1.52773640115	752	1.56688174092	1380	3.00809165716
1xkw	239	3.2811631707	956	3.30032490747	1867	3.8477418994	326	3.88247193362	1304	3.89056481087	2580	4.36758717106
2erv	94	3.90015340832	376	3.94184139368	751	4.51465860069	94	3.90015340832	376	3.94184139368	751	4.51465860069
2f1c	148	3.06018475188	592	3.08681189137	1258	4.1626516176	172	3.10800287692	688	3.14602153909	1464	4.25773472578
2f1t	84	3.12442143676	336	3.12605365289	678	3.94203337187	92	3.21572391337	368	3.20088180585	745	4.13946199808
2fcp	224	2.81995403118	896	2.83633562251	1802	3.44429226806	337	5.16900858187	1348	5.2023986145	2726	5.61737239847
2lhf	77	1.49881389936	308	1.50272379405	613	2.60041435774	78	1.50147400596	312	1.50823457508	621	2.59235164688
2mlh	69	1.43950949092	276	1.49249724995	533	2.48443713766	69	1.43950949092	276	1.49249724995	533	2.48443713766
2mpr	205	6.06697244971	820	6.07820356883	1670	6.763459427	245	7.63325695975	980	7.64795513186	1989	8.18703226167
2o4v	166	3.26047968871	664	3.2855157816	1358	4.2451367719	203	3.53161513693	812	3.57804477243	1636	4.43939547376
2omf	156	2.59073900027	624	2.60513301699	1255	3.78006815798	182	2.79431948321	728	2.79931592833	1450	3.91082360064
2por	157	2.75277647981	628	2.76364459748	1183	3.34621106997	171	2.78509483167	684	2.80129633056	1293	3.36754090403
2qdz	174	6.19791992616	696	6.18496325402	1371	6.68004409397	197	5.98713993371	788	5.97097423872	1562	6.47849915452
2vqi	242	6.0418360547	968	6.06379288007	1878	6.58458139793	279	6.39846184011	1116	6.42637866442	2202	7.0029322297
2wjr	124	2.92760864006	496	2.94810224649	1072	3.62412003878	130	2.91009749968	520	2.94202091904	1119	3.61340451116
2ynk	171	3.6239760142	684	3.61998672068	1344	4.4026395469	190	3.8935222952	760	3.92763578881	1503	4.67308069103
3aeh	142	1.79140454399	568	1.78878525218	1112	3.00599340564	187	1.82151354468	748	1.80970701419	1468	2.93716802246
3bs0	130	1.26350801483	520	1.3103493236	1000	2.34501543547	152	2.0013599791	608	2.01960020661	1178	3.1431673366
3csl	219	2.70131131522	876	2.71292651994	1740	3.38587894822	299	3.15701098257	1196	3.16251878187	2411	3.91551475592
3dwo	139	3.16367190407	556	3.15752071618	1076	3.7304081591	195	3.81901152365	780	3.82879532649	1505	4.36659708088
3dzm	93	2.84608768291	372	2.8491280811	712	3.53832631738	111	3.00816176608	444	3.00624273355	847	3.77633339509
3fid	128	6.57366401797	512	6.56137443864	983	6.86407989987	149	6.61232643742	596	6.58594136349	1161	7.040958903
3kvn	136	1.61467781668	544	1.61758439763	1083	3.0880970199	192	2.03240884444	768	2.03350048812	1534	3.38718030077
3rbh	194	4.34750899426	776	4.36126197086	1602	5.26719573194	226	4.28307526386	904	4.29996955751	1851	5.16525491633
3rfz	243	4.72578136792	972	4.74959688923	1909	5.40684812625	274	4.78675417904	1096	4.7999997136	2165	5.52700858349
3syb	189	3.6656260679	756	3.72510665385	1515	4.35860242579	219	3.66756509188	876	3.7141584127	1753	4.43810204869
3szv	183	3.16562787014	732	3.20223944281	1462	3.80941668896	219	3.13385727382	876	3.16855404303	1753	3.81036728817
3v8x	217	2.56573832262	868	2.58813192338	1747	3.67521494467	350	4.93984441321	1400	4.96492232293	2854	5.71625872582
3vzt	151	3.48003108868	604	3.48411413436	1163	4.03982349638	183	3.75014526498	732	3.74897822054	1430	4.43794429209
4c00	183	4.67190178206	732	4.680033173	1496	5.14864324196	198	4.76752233781	792	4.78024894881	1615	5.23816415679
4e1s	134	3.0766973817	536	3.09679622583	1084	3.8277106489	136	3.07567963068	544	3.0955849635	1101	3.82156041274
4gey	170	4.61317604174	680	4.63608189315	1408	5.35263442899	181	4.69105901782	724	4.69396146018	1493	5.44679587266
4pr7	111	3.90411591734	444	3.91097783136	933	4.35657600351	126	3.98449521088	504	3.99611870525	1045	4.40163957892
4q35	288	7.25530071228	1152	7.25299045747	2386	7.73331502802	310	7.54659717451	1240	7.54108178942	2569	8.02862963986
