1.32
0.47
0.75
0.47
1.00
0.59
0.90
0.96
0.47
1.25
1.36
0.33
1.45
1.18
1.12
0.91
0.77
0.37
0.82
1.21
1.51
1.69
1.48
1.00
1.48
1.69
0.53
0.35
0.65
0.31
1.52
0.00
1.02
0.94
0.65
1.11
0.71
1.19
0.77
1.67
1.21
1.00
1.03
0.77
1.34
1.66
0.35
0.48
1.43
0.80
0.42
0.00
1.28
0.69
0.41
0.33
0.91
1.09
1.00
0.95
0.62
0.92
1.77
0.00
0.32
1.43
0.81
0.42
1.20
1.59
1.07
2.22
0.89
0.73
1.00
1.00
1.00
1.00
1.00
1.00
1.00
1.00
1.00
1.00
1.00
1.00
1.00
1.00
1.00
1.00
0.39
0.78
1.57
0.87
0.30
1.00
1.78
1.16
0.36
0.00
0.93
1.41
1.03
0.86
0.29
0.98
1.19
2.97
1.11
0.47
1.56
0.78
2.50
0.00
0.26
0.98
1.05
0.78
0.40
0.85
0.54
1.62
1.27
0.25
1.55
0.77
1.17
0.96
1.00
0.85
0.71
1.39
0.00
0.55
0.75
0.66
0.00
1.29
0.00
2.05
2.50
0.49
1.22
0.96
1.02
1.02
0.92
1.60
0.70
0.40
0.24
1.11
1.09
0.90
1.30
1.32
0.80
0.86
0.77
1.90
0.66
0.68
0.45
0.94
0.99
1.81
1.03
0.54
0.67
0.97
1.46
1.21
1.03
0.48
1.56
1.35
1.38
0.77
1.09
0.58
0.68
0.43
0.98
0.52
1.03
1.19
1.22
1.18
1.17
0.00
0.93
1.37
0.73
0.81
1.46
1.51
0.98
1.15
1.10
0.67
1.36
0.57
0.65
0.86
1.04
2.63
0.54
1.20
0.99
1.08
