1.18
0.92
0.66
0.94
1.00
0.72
1.28
1.08
0.73
1.03
0.78
0.70
0.38
0.78
0.54
1.09
0.92
0.43
1.23
1.43
1.20
1.06
1.37
1.00
1.16
0.83
0.77
1.00
1.04
0.47
1.05
1.84
0.32
4.00
0.95
1.35
1.63
1.03
0.87
2.05
2.18
1.00
0.55
0.86
0.87
0.65
0.65
0.93
1.34
0.74
0.54
2.22
1.11
0.74
1.16
0.45
1.00
1.03
1.00
0.40
0.82
1.15
2.00
0.00
0.50
0.56
1.56
0.47
2.22
0.96
1.20
2.16
0.70
0.58
1.00
1.00
1.00
1.00
1.00
1.00
1.00
1.00
1.00
1.00
1.00
1.00
1.00
1.00
1.00
1.00
1.25
0.76
1.02
1.15
1.82
1.43
1.64
1.59
1.57
1.00
0.90
1.11
1.81
0.69
0.46
1.37
0.81
0.00
0.46
0.86
0.85
0.88
0.51
1.00
1.39
1.58
1.82
0.79
0.55
0.81
1.26
0.78
0.88
0.86
0.61
1.92
2.77
0.84
0.81
0.80
1.49
1.16
0.00
0.00
1.18
3.48
2.00
1.60
5.00
1.48
0.35
1.36
0.00
1.15
0.73
0.90
1.64
2.06
0.89
0.00
1.25
1.19
0.75
1.46
0.93
0.98
0.43
1.04
1.01
0.70
0.84
0.90
1.49
1.44
1.08
1.69
2.00
0.82
0.00
1.51
1.40
1.00
0.16
0.41
0.00
0.89
0.00
1.77
1.19
0.41
0.49
1.18
0.93
0.83
0.58
0.87
1.30
0.85
1.40
1.00
1.11
1.11
0.00
1.68
0.00
1.24
1.00
0.32
0.69
0.60
0.95
0.92
0.79
0.96
1.62
0.58
1.23
0.42
1.18
0.62
