0.88
1.17
1.18
0.92
1.00
0.95
1.06
1.14
1.24
1.01
0.93
1.27
0.57
1.03
0.86
0.92
0.72
0.75
1.11
1.11
0.58
0.77
1.31
1.00
0.83
0.50
0.69
0.78
1.29
1.26
0.87
1.21
1.43
0.67
0.65
1.06
1.38
0.85
1.40
1.23
0.53
1.00
0.70
0.60
0.69
1.01
1.99
0.95
0.76
1.05
1.32
1.65
0.70
0.55
1.61
1.11
1.55
0.64
1.00
0.81
0.35
0.63
0.95
1.51
0.68
1.45
0.69
1.27
3.01
0.45
1.56
2.13
0.91
1.71
1.00
1.00
1.00
1.00
1.00
1.00
1.00
1.00
1.00
1.00
1.00
1.00
1.00
1.00
1.00
1.00
0.96
0.88
0.67
1.60
1.23
1.30
0.73
1.07
1.20
2.06
0.80
0.87
1.47
1.25
1.06
0.82
1.04
1.58
1.52
1.41
0.45
2.07
1.48
1.03
0.16
1.07
0.60
1.07
1.11
0.94
0.77
1.12
1.21
0.69
0.74
1.23
2.34
0.81
0.89
1.03
1.03
1.23
0.00
1.03
0.83
0.84
0.81
1.41
0.00
1.41
1.29
1.11
0.53
0.98
0.17
0.51
1.45
0.97
0.48
0.00
1.59
1.08
0.97
0.72
0.85
1.03
1.27
0.46
0.86
0.77
1.17
0.99
0.83
0.91
0.78
0.99
0.40
1.44
0.00
0.69
0.78
1.18
1.15
1.03
1.96
0.89
1.74
1.56
1.05
0.82
1.75
1.00
0.63
0.66
1.12
1.15
0.63
0.67
0.48
0.00
0.65
0.27
0.00
1.06
0.27
1.19
0.93
1.53
1.29
1.22
0.91
1.30
1.28
1.24
0.61
0.59
0.90
0.98
0.76
0.29
