1.27
0.47
0.79
0.47
1.00
0.59
0.92
1.04
0.47
1.26
1.35
0.35
1.60
1.22
1.12
0.90
0.72
0.38
0.79
1.19
1.45
1.62
1.50
1.00
1.48
1.63
0.58
0.35
0.65
0.31
1.63
0.00
1.28
0.94
0.64
1.14
0.77
1.19
0.73
1.75
1.33
1.00
1.02
0.63
1.31
1.66
0.38
0.48
1.54
0.85
0.42
0.00
1.23
0.72
0.46
0.34
0.91
1.09
1.00
0.86
0.62
0.95
1.77
0.00
0.32
1.28
0.78
0.42
1.20
1.55
1.11
1.74
0.89
0.73
1.00
1.00
1.00
1.00
1.00
1.00
1.00
1.00
1.00
1.00
1.00
1.00
1.00
1.00
1.00
1.00
0.39
0.78
1.58
0.87
0.30
1.00
1.88
1.06
0.36
0.00
0.91
1.41
1.35
0.84
0.29
0.98
1.20
2.97
1.11
0.47
1.56
0.65
2.50
0.00
0.28
1.04
1.05
0.80
0.40
0.86
0.54
1.65
1.28
0.19
1.57
0.72
1.12
0.96
0.95
0.74
0.69
1.33
0.00
0.55
0.75
0.66
0.00
1.29
0.00
2.05
2.50
0.49
1.22
0.96
1.15
0.98
0.92
1.60
0.74
0.40
0.25
1.06
1.13
0.92
1.26
1.33
0.82
0.79
0.76
2.03
0.73
0.72
0.45
0.97
0.97
1.81
0.58
0.54
0.67
1.04
1.54
0.98
0.91
0.48
1.56
1.46
1.38
0.77
1.04
0.66
0.62
0.41
0.95
0.52
0.98
1.13
1.13
1.20
1.19
0.00
0.93
1.37
0.64
0.70
1.56
1.51
1.00
1.15
1.10
0.66
1.36
0.62
0.63
0.88
1.04
2.72
0.48
1.20
1.00
1.16
