1.28
0.89
0.67
0.75
1.00
0.79
1.36
1.14
0.73
0.91
0.79
0.78
0.37
0.75
0.54
1.10
0.88
0.43
1.18
1.40
1.20
1.03
1.44
1.00
1.11
0.83
0.75
1.00
1.04
0.47
1.05
1.84
0.30
4.00
0.91
1.40
1.96
1.04
0.87
1.96
2.20
1.00
0.53
0.89
0.82
0.65
0.71
0.93
1.54
0.74
0.51
2.22
1.17
0.76
1.29
0.44
1.11
1.03
1.00
0.40
0.82
1.13
2.00
0.00
0.50
0.60
1.56
0.47
2.22
0.98
1.20
2.63
0.69
0.58
1.00
1.00
1.00
1.00
1.00
1.00
1.00
1.00
1.00
1.00
1.00
1.00
1.00
1.00
1.00
1.00
1.25
0.71
1.08
1.15
1.82
1.39
1.64
1.59
1.49
1.00
0.90
1.11
1.81
0.67
0.45
1.37
0.79
0.00
0.52
0.86
0.89
1.15
0.51
1.00
1.46
1.49
1.54
0.79
0.55
0.78
1.26
0.78
0.90
0.93
0.38
1.92
2.77
0.86
0.78
0.78
1.54
1.11
0.00
0.00
1.18
3.48
2.00
1.60
5.00
1.48
0.35
1.36
0.00
1.15
0.83
0.93
1.89
2.06
0.91
0.00
1.31
1.18
0.49
1.50
0.93
0.99
0.43
0.98
1.01
0.70
0.82
0.96
1.49
1.42
1.05
1.07
2.00
0.82
0.00
1.27
1.45
1.15
0.17
0.41
0.00
0.76
0.00
1.94
1.32
0.38
0.70
1.25
0.93
0.83
0.69
0.99
1.30
0.86
1.37
1.00
1.11
1.11
0.00
1.68
0.00
1.24
1.01
0.26
0.68
0.60
0.86
0.93
0.80
0.94
1.62
0.68
1.32
0.42
1.18
0.67
