0.87
1.19
1.18
0.90
1.00
0.93
1.04
1.17
1.24
1.11
0.95
1.28
0.63
1.00
0.82
0.93
0.74
0.74
1.06
1.07
0.57
0.78
1.32
1.00
0.81
0.50
0.66
0.78
1.32
1.27
0.89
1.16
1.41
0.70
0.65
1.05
1.36
0.85
1.41
1.27
0.53
1.00
0.70
0.62
0.71
1.01
1.82
0.93
0.81
1.07
1.41
1.65
0.71
0.61
1.74
1.01
1.53
0.64
1.00
0.82
0.35
0.61
0.95
1.73
0.64
1.51
0.68
1.28
3.01
0.45
1.58
2.06
0.87
1.75
1.00
1.00
1.00
1.00
1.00
1.00
1.00
1.00
1.00
1.00
1.00
1.00
1.00
1.00
1.00
1.00
0.96
0.86
0.65
1.60
1.29
1.29
0.74
1.01
1.12
1.75
0.85
0.87
1.47
1.23
1.17
0.82
1.03
1.58
1.62
1.44
0.46
1.85
1.56
1.03
0.16
1.00
0.60
1.04
1.07
0.94
0.77
1.15
1.21
0.70
0.86
1.22
2.32
0.82
0.85
1.10
1.06
1.17
0.00
1.03
0.83
0.84
0.81
1.41
0.00
1.41
1.29
1.11
0.53
0.98
0.23
0.49
1.26
0.68
0.50
0.00
1.56
0.99
0.84
0.73
0.85
1.06
1.22
0.44
0.82
0.78
1.16
0.98
0.78
0.94
0.78
1.05
0.42
1.46
0.00
0.74
0.81
1.21
1.09
1.09
1.78
0.84
1.72
1.69
1.14
0.82
1.69
1.01
0.70
0.66
1.08
1.16
0.59
0.72
0.48
0.00
0.65
0.26
0.00
1.32
0.26
1.18
0.93
1.34
1.27
1.26
0.92
1.31
1.30
1.24
0.86
0.67
0.90
0.99
0.78
0.33
