1.28
0.89
0.66
0.94
1.00
0.79
1.28
1.12
0.61
0.96
0.80
0.70
0.38
0.78
0.54
1.09
0.82
0.42
1.21
1.40
1.14
0.96
1.44
1.00
1.01
0.97
0.77
0.75
1.04
0.47
1.05
1.84
0.31
4.00
0.97
1.40
1.96
1.03
0.87
1.94
2.10
1.00
0.55
1.03
0.85
0.75
0.71
0.98
1.34
0.87
0.51
2.22
1.13
0.74
0.86
0.49
1.11
1.03
1.00
0.40
0.82
1.11
2.00
0.00
0.50
0.56
1.56
0.51
2.22
0.90
1.25
2.16
0.69
0.58
1.00
1.00
1.00
1.00
1.00
1.00
1.00
1.00
1.00
1.00
1.00
1.00
1.00
1.00
1.00
1.00
1.25
0.71
1.08
1.15
1.82
1.41
1.64
1.59
1.49
1.00
0.91
1.11
2.05
0.67
0.45
1.01
0.78
0.00
0.46
0.94
0.85
1.25
0.51
1.00
1.37
1.54
1.67
0.76
0.55
0.81
1.26
0.80
0.93
0.81
0.54
1.89
2.77
0.82
0.80
0.70
1.50
1.13
0.00
0.00
1.18
3.48
2.00
1.60
5.00
1.64
0.35
1.36
0.00
1.15
0.56
0.93
1.64
1.94
0.98
0.00
1.25
1.28
0.69
1.43
1.04
1.01
0.43
0.98
0.97
0.70
0.82
0.93
1.49
1.36
1.06
1.69
2.00
0.89
0.00
1.54
1.44
1.00
0.16
0.41
0.00
0.76
0.00
1.52
1.19
0.43
0.69
1.33
0.78
0.83
0.71
0.92
1.43
0.93
1.31
1.00
1.11
1.11
0.00
1.68
0.00
1.24
1.00
0.26
0.73
0.61
0.95
0.88
0.74
0.98
1.62
0.67
1.41
0.45
1.16
0.64
