1.37
0.40
0.68
0.48
1.00
0.61
0.94
0.99
0.47
1.29
1.38
0.33
1.60
1.17
1.12
0.92
0.71
0.36
0.77
1.17
1.35
1.77
1.54
1.00
1.45
1.76
0.59
0.38
0.65
0.31
1.48
0.00
1.28
0.94
0.67
1.13
0.71
1.32
0.73
1.77
1.27
1.00
0.99
0.85
1.28
1.87
0.00
0.48
1.57
0.80
0.45
0.00
1.23
0.78
0.00
0.34
0.95
1.09
1.00
0.95
0.67
0.92
1.77
0.00
0.32
1.43
0.67
0.42
1.20
1.51
1.07
1.54
0.94
0.73
1.00
1.00
1.00
1.00
1.00
1.00
1.00
1.00
1.00
1.00
1.00
1.00
1.00
1.00
1.00
1.00
0.39
0.80
1.57
0.87
0.30
0.94
1.78
1.06
0.36
0.00
0.91
1.44
1.26
0.88
0.31
0.61
1.19
2.97
1.11
0.47
1.56
0.65
2.50
0.00
0.27
1.07
1.05
0.73
0.40
0.86
0.60
1.53
1.27
0.25
1.53
0.76
1.19
1.01
0.96
0.88
0.71
1.36
0.00
0.55
0.80
0.66
0.00
0.96
0.00
2.05
2.29
0.49
1.19
1.07
1.02
1.06
0.92
1.60
0.64
0.44
0.24
1.11
1.19
0.89
1.29
1.34
0.80
0.81
0.72
1.70
0.73
0.67
0.47
0.95
0.99
1.81
1.03
0.54
0.67
0.97
1.46
1.42
0.95
0.48
1.56
1.46
1.38
0.86
1.16
0.58
0.62
0.22
0.98
0.64
1.03
1.20
1.15
1.22
1.23
0.00
0.93
1.37
0.73
0.72
1.65
1.51
0.97
1.15
1.04
0.66
1.43
0.57
0.65
0.81
1.04
2.67
0.51
1.22
0.98
1.15
