0.93
1.15
1.20
0.92
1.00
0.93
0.99
1.19
1.05
1.02
0.91
1.27
0.65
1.03
0.84
0.93
0.73
0.62
1.12
1.06
0.61
0.70
1.34
1.00
0.85
0.56
0.69
0.83
1.27
1.26
0.89
1.16
1.41
0.74
0.66
0.99
1.39
0.89
1.36
1.27
0.54
1.00
0.72
0.57
0.69
1.11
1.85
0.94
0.79
1.08
1.25
1.90
0.72
0.51
1.67
1.12
1.64
0.64
1.00
0.81
0.36
0.62
0.95
1.51
0.65
1.45
0.72
1.10
3.01
0.46
1.58
2.06
0.92
1.76
1.00
1.00
1.00
1.00
1.00
1.00
1.00
1.00
1.00
1.00
1.00
1.00
1.00
1.00
1.00
1.00
0.96
0.87
0.66
1.60
1.30
1.21
0.73
1.01
1.14
1.94
0.86
0.88
1.47
1.23
1.18
0.90
1.04
1.70
1.40
1.39
0.45
1.91
1.61
1.25
0.16
1.08
0.67
1.02
1.13
0.95
0.73
1.17
1.22
0.67
0.85
1.23
2.34
0.83
0.88
1.07
1.01
1.14
0.00
1.11
0.78
0.84
0.81
1.37
0.00
1.57
1.33
0.80
0.57
1.06
0.17
0.51
1.45
1.11
0.50
0.00
1.59
1.06
0.93
0.66
0.89
1.07
1.25
0.43
0.83
0.78
1.16
1.02
0.87
0.93
0.80
0.99
0.00
1.51
0.00
0.71
0.78
1.18
1.17
1.03
1.78
0.85
0.85
1.72
1.12
0.85
1.74
0.94
0.73
0.78
1.07
1.16
0.66
0.74
0.44
0.00
0.68
0.26
0.00
1.14
0.27
1.18
0.93
1.49
1.22
1.21
0.89
1.26
1.28
1.26
0.83
0.59
0.92
0.99
0.77
0.33
