1.22
0.85
0.63
0.88
1.00
0.83
1.20
1.18
0.73
1.03
0.78
0.75
0.37
0.74
0.62
1.07
0.92
0.43
1.21
1.40
1.20
1.03
1.51
1.00
1.11
0.85
0.77
1.00
1.04
0.49
0.91
1.84
0.30
4.00
0.91
1.33
1.96
1.07
0.90
2.05
2.20
1.00
0.55
0.86
0.92
0.65
0.65
0.86
1.20
0.74
0.30
2.22
1.13
0.74
1.16
0.46
1.24
1.03
1.00
0.40
0.87
1.10
2.00
0.00
0.50
0.30
1.56
0.47
2.22
0.96
1.17
2.16
0.72
0.65
1.00
1.00
1.00
1.00
1.00
1.00
1.00
1.00
1.00
1.00
1.00
1.00
1.00
1.00
1.00
1.00
1.25
0.71
1.06
1.15
1.82
1.41
1.78
1.59
1.31
1.00
0.93
1.11
1.81
0.59
0.46
1.37
0.83
0.00
0.46
0.72
0.79
1.15
0.53
1.00
1.42
1.60
1.54
0.83
0.58
0.81
1.26
0.69
0.91
0.84
0.54
1.97
2.77
0.82
0.78
0.77
1.46
1.13
0.00
0.00
1.18
3.48
2.00
1.60
5.00
1.48
0.35
1.36
0.00
1.04
0.78
0.95
1.64
2.06
0.83
0.00
1.25
1.09
0.69
1.50
1.04
0.98
0.46
0.98
1.02
0.77
0.86
0.96
1.57
1.41
1.05
2.55
2.00
0.82
0.00
1.51
1.33
1.00
0.20
0.24
0.00
0.76
0.00
1.77
1.19
0.38
0.66
1.25
0.97
0.83
0.69
1.05
1.17
0.91
1.37
1.00
1.11
1.11
0.00
1.30
0.00
1.24
1.03
0.26
0.69
0.51
0.98
0.92
0.63
0.95
1.62
0.68
1.36
0.46
1.17
0.64
