0.93
1.17
1.14
0.88
1.00
0.90
1.09
1.16
1.12
1.04
0.89
1.28
0.65
1.03
0.84
0.96
0.75
0.69
1.08
1.09
0.57
0.80
1.32
1.00
0.84
0.43
0.66
0.78
1.29
1.30
0.89
1.16
1.42
0.67
0.65
1.05
1.38
0.84
1.44
1.10
0.54
1.00
0.72
0.51
0.69
1.01
1.95
0.97
0.80
1.02
1.41
1.78
0.71
0.51
1.72
1.15
1.56
0.64
1.00
0.81
0.37
0.66
0.95
1.47
0.69
1.38
0.66
1.23
3.29
0.45
1.62
2.06
0.92
1.71
1.00
1.00
1.00
1.00
1.00
1.00
1.00
1.00
1.00
1.00
1.00
1.00
1.00
1.00
1.00
1.00
0.96
0.76
0.61
1.65
1.28
1.33
0.80
1.01
1.14
1.28
0.87
0.89
1.44
1.26
1.15
0.85
1.04
1.58
1.48
1.43
0.50
1.91
1.51
1.19
0.16
1.07
0.62
1.06
1.13
0.95
0.78
1.16
1.23
0.62
0.85
1.25
2.28
0.80
0.87
1.01
1.03
1.20
0.00
1.08
0.83
0.84
0.81
1.41
0.00
1.41
1.29
1.11
0.54
1.03
0.17
0.52
1.52
1.11
0.42
0.00
1.50
1.14
0.97
0.72
0.74
1.06
1.23
0.43
0.85
0.79
1.14
0.99
0.79
0.92
0.75
1.11
0.40
1.44
0.00
0.70
0.80
1.26
1.14
1.03
1.78
0.84
1.55
1.66
1.15
0.80
1.61
0.95
0.72
0.69
1.09
1.15
0.61
0.67
0.48
0.00
0.65
0.26
0.00
1.32
0.29
1.18
0.94
1.48
1.27
1.29
0.80
1.30
1.32
1.24
0.83
0.67
0.90
0.97
0.74
0.34
