1.30
0.40
0.77
0.49
1.00
0.63
0.94
1.00
0.47
1.31
1.38
0.24
1.60
1.21
0.84
0.85
0.77
0.24
0.79
1.22
1.45
1.56
1.48
1.00
1.59
1.72
0.57
0.35
0.65
0.32
1.52
0.00
1.28
0.94
0.64
1.11
0.71
1.22
0.73
1.67
1.38
1.00
0.97
0.79
1.31
1.66
0.38
0.50
1.41
0.73
0.45
0.00
1.28
0.69
0.41
0.34
0.91
1.09
1.00
0.95
0.65
0.84
1.77
0.00
0.32
1.53
0.67
0.48
1.20
1.55
1.10
1.74
0.82
0.73
1.00
1.00
1.00
1.00
1.00
1.00
1.00
1.00
1.00
1.00
1.00
1.00
1.00
1.00
1.00
1.00
0.39
0.68
1.62
0.87
0.31
1.05
1.53
1.06
0.36
0.00
0.84
1.40
1.26
0.81
0.32
1.08
1.10
2.97
0.65
0.49
1.63
0.65
2.50
0.00
0.27
1.02
1.05
0.74
0.44
0.84
0.54
1.62
1.23
0.27
1.57
0.74
1.12
1.05
0.97
0.85
0.74
1.31
0.00
0.55
0.75
0.66
0.00
1.29
0.00
2.05
2.50
0.49
1.22
0.96
1.02
0.99
0.92
1.78
0.63
0.40
0.24
1.08
1.27
0.92
1.27
1.37
0.80
0.79
0.74
1.90
0.75
0.69
0.45
0.90
0.99
1.81
1.03
0.56
0.67
0.89
1.46
1.21
1.13
0.54
1.56
1.46
1.38
0.77
1.04
0.58
0.43
0.46
0.95
0.55
1.02
1.16
1.26
1.11
1.20
0.00
0.93
1.37
0.64
0.84
1.65
1.51
0.99
1.15
1.04
0.61
1.43
0.59
0.54
0.92
1.04
2.69
0.48
1.41
0.93
1.11
