1.24
0.93
0.52
0.90
1.00
0.69
1.23
1.09
0.83
1.00
0.79
0.72
0.37
0.77
0.54
1.13
0.88
0.44
1.25
1.43
1.27
1.06
1.37
1.00
1.18
0.71
0.79
1.00
1.04
0.47
1.05
1.84
0.32
4.00
0.92
1.35
1.63
1.05
0.87
1.96
2.10
1.00
0.55
0.91
0.87
0.65
0.77
0.93
1.15
0.74
0.51
2.22
1.19
0.76
1.29
0.45
1.16
1.39
1.00
0.24
0.93
1.13
2.00
0.00
0.54
0.60
1.56
0.49
2.22
0.94
1.04
2.16
0.74
0.58
1.00
1.00
1.00
1.00
1.00
1.00
1.00
1.00
1.00
1.00
1.00
1.00
1.00
1.00
1.00
1.00
1.40
0.78
1.06
0.90
1.79
1.38
1.73
1.59
1.32
1.00
1.02
1.16
1.81
0.70
0.35
1.37
0.86
0.00
0.59
0.90
0.89
1.15
0.51
1.00
1.12
1.62
1.82
0.83
0.55
0.76
1.24
0.84
0.95
0.86
0.54
1.91
2.77
0.88
0.75
0.73
1.52
1.09
0.00
0.00
1.18
3.48
2.00
1.33
5.00
1.48
0.37
1.36
0.00
1.37
0.73
0.88
1.64
2.06
0.83
0.00
1.12
1.27
0.83
1.49
0.93
0.94
0.43
0.98
1.05
0.70
0.81
0.93
1.52
1.45
1.05
1.69
2.00
0.82
0.00
1.52
1.46
1.00
0.16
0.41
0.00
0.76
0.00
1.77
1.19
0.38
0.66
1.25
0.93
0.83
0.71
1.02
1.24
0.87
1.41
1.00
1.11
1.11
0.00
1.68
0.00
1.30
0.98
0.28
0.57
0.60
1.04
0.98
0.77
0.90
1.74
0.67
1.31
0.33
1.16
0.68
