0.88
1.22
1.10
0.95
1.00
0.96
1.01
1.22
1.27
0.95
0.93
1.31
0.63
0.99
0.79
0.90
0.71
0.66
1.13
1.05
0.58
0.78
1.35
1.00
0.74
0.55
0.65
0.79
1.22
1.28
0.95
1.16
1.36
0.70
0.64
1.10
1.06
0.88
1.40
1.23
0.55
1.00
0.74
0.65
0.65
0.78
1.90
0.98
0.51
1.02
1.40
1.65
0.74
0.62
1.70
1.09
1.61
0.76
1.00
0.85
0.37
0.64
1.00
1.23
0.68
1.46
0.66
1.30
3.01
0.47
1.55
2.01
0.94
1.64
1.00
1.00
1.00
1.00
1.00
1.00
1.00
1.00
1.00
1.00
1.00
1.00
1.00
1.00
1.00
1.00
1.12
0.91
0.62
1.50
1.38
1.28
0.77
1.01
1.20
1.75
0.84
0.93
1.64
1.08
1.11
0.82
0.98
1.63
1.43
1.47
0.46
1.85
1.59
1.03
0.17
1.01
0.49
1.01
1.11
0.95
0.80
1.12
1.19
0.68
0.83
1.23
2.41
0.76
0.80
1.11
1.06
1.23
0.00
1.03
0.84
0.94
0.81
1.48
0.00
1.26
1.32
1.15
0.56
1.03
0.17
0.53
1.55
1.08
0.49
0.00
1.67
1.14
1.17
0.76
0.85
1.04
1.27
0.43
0.80
0.62
1.16
1.05
0.89
0.90
0.76
0.99
0.40
1.47
0.00
0.76
0.84
1.37
0.96
0.96
1.78
0.83
1.55
1.66
1.12
0.80
1.67
1.01
0.71
0.66
1.09
1.16
0.64
0.72
0.47
0.00
0.65
0.27
0.00
1.28
0.27
1.26
0.95
1.55
1.25
1.19
0.79
1.09
1.28
1.32
0.99
0.58
0.96
1.01
0.80
0.33
