1.36
0.35
0.67
0.39
1.00
0.67
0.90
1.02
0.47
1.26
1.35
0.24
1.60
1.17
1.14
0.88
0.75
0.14
0.79
1.19
1.45
1.75
1.51
1.00
1.47
1.69
0.58
0.35
0.68
0.33
1.47
0.00
1.28
1.06
0.66
1.15
0.71
1.13
0.75
1.67
1.49
1.00
0.94
0.87
1.29
1.66
0.41
0.40
1.29
0.73
0.45
0.00
1.24
0.73
0.41
0.35
0.95
0.96
1.00
0.90
0.43
0.83
1.77
0.00
0.35
1.65
0.67
0.42
1.20
1.58
1.16
1.74
0.91
0.77
1.00
1.00
1.00
1.00
1.00
1.00
1.00
1.00
1.00
1.00
1.00
1.00
1.00
1.00
1.00
1.00
0.57
0.80
1.64
1.11
0.42
0.99
1.61
1.06
0.36
0.00
1.00
1.24
1.19
0.80
0.33
0.98
1.18
2.97
1.11
0.25
1.56
0.65
2.37
0.00
0.30
1.03
1.05
0.75
0.42
0.88
0.56
1.53
1.21
0.27
1.57
0.81
1.12
1.02
1.00
0.82
0.71
1.27
0.00
0.55
0.64
0.66
0.00
1.29
0.00
2.05
2.22
0.49
1.30
1.07
1.08
0.99
1.03
1.60
0.70
0.40
0.00
1.19
1.41
0.88
1.16
1.38
0.85
0.79
0.76
1.90
0.67
0.73
0.40
0.97
1.00
1.81
1.03
0.56
0.80
0.99
1.45
1.30
0.96
0.51
1.56
1.46
1.38
0.77
1.04
0.58
0.62
0.41
0.82
0.52
0.98
1.24
1.26
1.24
1.17
0.00
0.93
1.03
0.64
0.81
1.56
1.42
1.00
1.71
1.08
0.69
1.45
0.45
0.61
0.85
1.36
2.77
0.42
1.20
0.98
1.18
