1.29
0.47
0.76
0.47
1.00
0.52
0.94
1.02
0.47
1.27
1.36
0.35
1.49
1.20
1.06
0.92
0.73
0.39
0.77
1.20
1.51
1.82
1.42
1.00
1.48
1.67
0.59
0.35
0.48
0.34
1.57
0.00
1.15
1.03
0.69
1.03
0.71
1.22
0.73
1.60
1.27
1.00
1.05
0.78
1.29
1.66
0.35
0.40
1.52
0.80
0.42
0.00
1.20
0.64
0.57
0.37
1.03
1.09
1.00
0.95
0.75
0.95
2.08
0.00
0.32
1.43
0.67
0.48
1.58
1.46
1.13
1.74
0.89
0.73
1.00
1.00
1.00
1.00
1.00
1.00
1.00
1.00
1.00
1.00
1.00
1.00
1.00
1.00
1.00
1.00
0.42
0.78
1.56
0.87
0.30
1.08
1.78
1.06
0.38
0.00
0.83
1.43
1.35
0.78
0.30
1.11
1.08
2.79
1.11
0.53
1.56
0.78
2.57
0.00
0.26
1.08
1.43
0.78
0.23
0.85
0.57
1.52
1.25
0.27
1.34
0.83
1.19
1.01
0.97
0.92
0.70
1.36
0.00
0.55
0.75
0.66
0.00
1.29
0.00
1.85
3.33
0.49
1.28
0.96
1.14
1.04
0.50
1.43
0.80
0.44
0.25
1.15
1.19
0.91
1.21
1.34
0.55
0.86
0.82
1.69
0.74
0.63
0.24
0.97
0.99
1.81
1.15
0.45
0.67
0.89
1.50
1.30
1.03
0.48
1.56
1.54
1.38
0.94
1.04
0.66
0.62
0.48
0.85
0.55
1.00
1.20
0.87
1.20
1.11
0.00
0.51
1.34
0.73
0.84
1.65
1.62
1.10
0.93
1.03
0.68
1.45
0.45
0.59
0.79
1.17
2.77
0.42
1.22
0.97
1.20
