1.26
0.91
0.52
0.94
1.00
0.79
1.32
1.05
0.73
1.06
0.78
0.72
0.39
0.72
0.62
1.10
0.92
0.42
1.20
1.43
1.25
1.15
1.53
1.00
1.14
0.83
0.74
1.09
1.16
0.50
0.88
1.84
0.31
4.00
0.89
1.38
1.96
0.99
0.72
2.16
1.95
1.00
0.53
1.02
0.95
0.78
0.71
0.84
1.43
0.74
0.59
0.00
1.15
0.67
1.00
0.39
1.21
1.15
1.00
0.40
0.82
1.11
2.00
0.00
0.50
0.56
1.56
0.47
2.22
1.02
1.16
2.16
0.72
0.60
1.00
1.00
1.00
1.00
1.00
1.00
1.00
1.00
1.00
1.00
1.00
1.00
1.00
1.00
1.00
1.00
1.25
0.71
1.10
1.15
1.97
1.36
1.64
1.77
1.49
1.00
0.85
1.13
1.81
0.67
0.46
1.55
0.80
0.00
0.46
0.91
0.93
1.15
0.58
1.00
1.26
1.46
2.15
0.79
0.55
0.83
1.26
0.73
0.95
0.80
0.54
1.74
2.77
0.85
0.77
0.78
1.53
1.14
0.00
0.00
1.18
3.48
2.00
1.60
5.00
2.07
0.00
0.00
0.00
1.15
0.78
0.99
1.64
1.88
0.89
0.00
1.24
1.18
0.49
1.42
0.95
0.96
0.43
1.17
1.07
0.85
0.87
0.90
1.40
1.43
0.96
1.69
2.00
0.82
0.00
1.51
1.40
1.15
0.16
0.43
0.00
0.49
0.00
1.94
1.19
0.00
0.66
1.12
0.98
0.83
0.59
1.10
1.41
0.85
1.43
1.00
1.11
1.11
0.00
1.68
0.00
1.24
1.02
0.28
0.71
0.61
0.95
0.81
0.82
0.95
1.88
0.70
1.56
0.37
1.21
0.64
