0.90
1.17
1.10
0.93
1.00
0.95
1.06
1.19
1.26
0.94
0.94
1.32
0.66
1.04
0.63
0.89
0.71
0.73
1.12
1.07
0.59
0.72
1.35
1.00
0.81
0.52
0.66
0.80
1.34
1.20
0.91
1.16
1.48
0.72
0.68
1.05
1.25
0.86
1.43
1.31
0.55
1.00
0.55
0.73
0.68
0.84
2.06
0.93
0.66
0.85
1.45
1.89
0.73
0.50
1.54
1.14
1.55
0.64
1.00
0.81
0.38
0.61
1.02
1.51
0.70
1.34
0.69
1.27
3.20
0.47
1.57
2.06
0.87
1.66
1.00
1.00
1.00
1.00
1.00
1.00
1.00
1.00
1.00
1.00
1.00
1.00
1.00
1.00
1.00
1.00
1.02
0.80
0.62
1.66
1.32
1.27
0.75
1.05
1.20
1.28
0.90
0.86
1.57
1.20
1.19
0.86
1.06
1.58
1.51
1.42
0.49
1.67
1.44
0.00
0.16
1.16
0.57
1.04
1.04
0.94
0.70
1.15
1.20
0.68
0.88
1.30
2.35
0.77
0.88
1.06
1.02
1.21
0.00
1.03
0.76
0.89
0.81
1.51
0.00
1.55
1.45
1.17
0.54
0.98
0.00
0.54
1.30
1.22
0.43
0.00
1.70
1.07
0.98
0.67
0.85
1.07
1.37
0.46
0.81
0.87
1.15
0.91
0.89
0.93
0.79
1.05
0.42
1.47
0.00
0.65
0.80
1.11
1.12
1.05
1.78
0.85
1.55
1.59
1.06
0.86
1.57
1.05
0.77
0.40
1.08
1.15
0.62
0.64
0.44
0.00
0.78
0.31
0.00
1.31
0.27
1.23
0.91
1.26
1.32
1.28
0.97
1.38
1.29
1.23
0.89
0.68
0.94
0.98
0.78
0.32
