0.88
1.19
1.14
0.92
1.00
0.86
1.01
1.16
1.25
0.97
0.94
1.27
0.65
1.06
0.87
0.95
0.74
0.75
1.11
1.07
0.57
0.76
1.32
1.00
0.82
0.50
0.68
0.78
1.32
1.26
0.87
1.20
1.46
0.67
0.65
1.06
1.36
0.86
1.38
1.23
0.52
1.00
0.69
0.60
0.67
1.01
1.99
0.95
0.76
1.02
1.37
1.65
0.69
0.59
1.69
1.11
1.55
0.64
1.00
0.82
0.35
0.65
0.95
1.51
0.67
1.45
0.68
1.15
3.01
0.44
1.56
2.13
0.91
1.76
1.00
1.00
1.00
1.00
1.00
1.00
1.00
1.00
1.00
1.00
1.00
1.00
1.00
1.00
1.00
1.00
0.96
0.86
0.65
1.60
1.31
1.29
0.73
1.04
1.19
1.75
0.86
0.87
1.51
1.20
1.19
0.82
1.06
1.64
1.52
1.40
0.45
1.91
1.57
1.03
0.16
1.05
0.61
1.07
1.12
0.97
0.73
1.16
1.21
0.69
0.80
1.23
2.35
0.80
0.87
1.06
1.02
1.19
0.00
1.07
0.84
0.84
0.81
1.47
0.00
1.27
1.29
1.21
0.54
0.98
0.17
0.50
1.45
1.16
0.43
0.00
1.59
1.10
0.82
0.72
0.81
1.04
1.27
0.44
0.83
0.82
1.15
1.00
0.85
0.92
0.76
0.99
0.40
1.44
0.00
0.69
0.78
1.18
1.15
1.03
2.04
0.74
0.85
1.70
1.05
0.91
1.67
1.04
0.71
0.74
1.07
1.16
0.42
0.71
0.48
0.00
0.65
0.27
0.00
1.31
0.27
1.18
0.93
1.48
1.29
1.27
0.89
1.35
1.21
1.27
0.61
0.68
0.84
0.99
0.75
0.33
