1.32
0.47
0.73
0.47
1.00
0.59
0.90
1.00
0.49
1.27
1.34
0.34
1.50
1.20
1.01
0.89
0.75
0.39
0.82
1.23
1.45
1.69
1.50
1.00
1.48
1.69
0.57
0.37
0.65
0.31
1.52
0.00
1.28
1.03
0.64
1.13
0.71
1.11
0.73
1.67
1.33
1.00
0.97
0.77
1.32
1.66
0.35
0.48
1.43
0.73
0.42
0.00
1.28
0.76
0.41
0.32
0.91
1.09
1.00
0.86
0.62
0.92
1.77
0.00
0.32
1.43
0.67
0.45
1.20
1.55
1.07
2.11
0.89
0.77
1.00
1.00
1.00
1.00
1.00
1.00
1.00
1.00
1.00
1.00
1.00
1.00
1.00
1.00
1.00
1.00
0.39
0.78
1.64
1.05
0.30
1.00
1.78
1.06
0.36
0.00
0.85
1.43
1.26
0.86
0.29
0.98
1.15
2.97
1.11
0.47
1.56
0.65
2.50
0.00
0.26
1.06
1.05
0.78
0.40
0.86
0.54
1.66
1.26
0.25
1.58
0.76
1.12
0.99
0.96
0.82
0.68
1.35
0.00
0.55
0.75
0.66
0.00
1.41
0.00
2.05
2.50
0.00
1.25
0.75
1.02
1.00
0.92
1.60
0.70
0.40
0.24
1.03
1.19
0.90
1.26
1.39
0.80
0.79
0.74
2.26
0.73
0.70
0.45
0.90
0.97
1.81
1.03
0.54
0.77
0.97
1.46
1.03
1.06
0.48
2.55
1.39
1.38
0.89
1.04
0.58
0.69
0.43
0.99
0.31
0.98
1.04
1.22
1.29
1.15
0.00
0.93
1.37
0.00
0.81
1.55
1.51
1.00
1.15
1.11
0.66
1.43
0.59
0.63
0.87
1.04
2.72
0.48
1.20
0.99
1.18
