1.34
0.47
0.73
0.47
1.00
0.59
0.90
1.00
0.47
1.34
1.35
0.33
1.60
1.18
0.84
0.90
0.76
0.37
0.82
1.15
1.51
1.69
1.39
1.00
1.48
1.63
0.60
0.41
0.65
0.31
1.52
0.00
1.28
1.03
0.65
1.08
0.71
1.22
0.73
1.67
1.33
1.00
0.97
0.77
1.32
1.66
0.35
0.48
1.43
0.73
0.42
0.00
1.28
0.76
0.41
0.32
0.91
1.18
1.00
0.97
0.47
1.02
1.94
0.00
0.22
1.65
0.67
0.42
1.20
1.55
1.07
1.05
0.91
0.73
1.00
1.00
1.00
1.00
1.00
1.00
1.00
1.00
1.00
1.00
1.00
1.00
1.00
1.00
1.00
1.00
0.39
0.80
1.58
0.87
0.31
1.02
1.88
1.06
0.36
0.00
0.91
1.43
1.35
0.69
0.29
0.98
1.19
3.12
1.11
0.49
1.73
0.65
2.50
0.00
0.26
1.05
1.05
0.80
0.40
0.80
0.23
1.59
1.26
0.18
1.57
0.74
1.04
1.01
1.00
0.82
0.67
1.35
0.00
0.55
0.75
0.94
0.00
1.29
0.00
2.05
2.50
0.54
1.25
0.96
0.61
1.06
1.01
1.60
0.64
0.49
0.25
1.02
1.25
0.88
1.33
1.36
0.69
0.79
0.73
1.87
0.65
0.66
0.46
0.96
1.00
1.71
1.03
0.59
0.77
0.93
1.43
1.03
1.06
0.54
1.56
1.46
1.38
0.77
1.04
0.58
0.62
0.41
0.95
0.55
1.00
1.16
1.19
1.23
1.17
0.00
0.93
1.37
0.64
0.85
1.67
1.51
0.97
1.15
1.09
0.66
1.43
0.57
0.63
0.87
1.04
2.68
0.49
1.20
0.98
1.13
