0.91
1.10
1.12
0.89
1.00
0.93
1.02
1.17
1.30
1.02
0.94
1.15
0.63
1.05
0.87
0.94
0.74
0.69
1.13
1.09
0.58
0.76
1.39
1.00
0.82
0.51
0.69
0.86
1.39
1.28
0.89
1.16
1.43
0.73
0.66
1.00
1.36
0.83
1.44
1.25
0.53
1.00
0.69
0.61
0.68
1.04
1.94
0.92
0.77
1.02
1.38
1.76
0.70
0.59
1.77
1.11
1.57
0.64
1.00
0.83
0.38
0.68
1.02
1.47
0.65
1.37
0.66
1.15
2.56
0.45
1.56
2.18
0.92
1.81
1.00
1.00
1.00
1.00
1.00
1.00
1.00
1.00
1.00
1.00
1.00
1.00
1.00
1.00
1.00
1.00
0.96
0.87
0.65
1.64
1.32
1.30
0.76
1.01
1.19
1.32
0.85
0.83
1.31
1.25
1.18
0.82
1.11
1.77
1.45
1.43
0.50
1.85
1.49
1.15
0.16
1.07
0.61
1.09
0.94
0.96
0.86
1.04
1.21
0.68
0.83
1.27
2.42
0.81
0.88
1.03
1.02
1.16
0.00
0.79
0.87
1.00
0.81
1.32
0.00
1.26
1.15
1.19
0.55
0.76
0.19
0.52
1.54
1.08
0.51
0.00
1.57
1.09
0.96
0.68
0.88
1.03
1.32
0.43
0.80
0.83
1.18
1.03
0.74
0.89
0.79
1.19
0.40
1.38
0.00
0.65
0.81
1.26
1.17
1.01
1.78
0.83
1.55
1.66
1.12
0.80
1.67
1.01
0.71
0.74
1.11
1.13
0.62
0.69
0.48
0.00
0.67
0.26
0.00
1.33
0.28
1.19
0.92
1.52
1.24
1.27
0.89
1.29
1.28
1.24
0.88
0.65
0.91
0.97
0.77
0.33
