0.88
1.22
1.15
0.95
1.00
0.87
1.04
1.19
1.24
0.98
0.92
1.25
0.63
1.04
0.79
0.92
0.71
0.76
1.14
1.05
0.61
0.80
1.35
1.00
0.86
0.50
0.58
0.78
1.18
1.33
0.90
0.98
1.50
0.67
0.62
1.05
1.25
0.87
1.39
1.29
0.55
1.00
0.71
0.61
0.64
1.01
2.03
0.90
0.77
1.05
1.42
1.65
0.72
0.62
1.75
1.11
1.47
0.64
1.00
0.76
0.35
0.58
0.95
1.54
0.62
1.51
0.66
1.30
3.01
0.47
1.56
2.13
0.92
1.78
1.00
1.00
1.00
1.00
1.00
1.00
1.00
1.00
1.00
1.00
1.00
1.00
1.00
1.00
1.00
1.00
0.99
0.86
0.68
1.60
1.38
1.26
0.78
1.01
1.21
1.75
0.89
0.80
1.29
1.21
1.20
0.82
1.04
1.58
1.52
1.44
0.45
1.85
1.54
1.03
0.16
1.04
0.60
1.03
1.12
0.93
0.77
1.17
1.19
0.71
0.84
1.21
2.37
0.84
0.88
1.09
1.03
1.22
0.00
1.03
0.83
0.84
0.81
1.41
0.00
1.41
1.29
1.11
0.53
0.98
0.18
0.50
1.39
1.13
0.50
0.00
1.43
1.14
0.98
0.65
0.87
1.05
1.28
0.43
0.86
0.75
1.19
0.99
0.84
0.89
0.80
0.99
0.40
1.48
0.00
0.69
0.79
1.24
1.11
1.00
1.78
0.83
1.55
1.66
1.13
0.80
1.67
1.02
0.73
0.66
1.00
1.09
0.41
0.69
0.50
0.00
0.65
0.26
0.00
1.28
0.26
1.23
0.95
1.44
1.33
1.22
0.87
1.35
1.27
1.28
0.83
0.66
0.88
0.97
0.75
0.31
