1.34
0.48
0.78
0.38
1.00
0.59
0.90
1.00
0.47
1.27
1.34
0.33
1.60
1.15
1.06
0.91
0.74
0.35
0.83
1.18
1.44
1.43
1.51
1.00
1.48
1.69
0.60
0.35
0.65
0.31
1.62
0.00
1.28
0.94
0.64
1.16
0.71
1.26
0.75
1.67
1.37
1.00
0.99
0.77
1.32
1.66
0.35
0.48
1.48
0.73
0.48
0.00
1.25
0.79
0.41
0.33
0.91
1.09
1.00
0.92
0.62
0.95
1.77
0.00
0.32
1.51
0.67
0.42
1.20
1.57
1.12
1.74
0.82
0.77
1.00
1.00
1.00
1.00
1.00
1.00
1.00
1.00
1.00
1.00
1.00
1.00
1.00
1.00
1.00
1.00
0.43
0.78
1.56
0.87
0.30
1.00
1.63
1.06
0.36
0.00
0.99
1.47
1.26
0.84
0.30
0.98
1.17
2.97
1.11
0.47
1.56
0.65
2.50
0.00
0.26
1.02
1.05
0.78
0.40
0.84
0.54
1.54
1.27
0.26
1.57
0.80
1.12
1.04
0.94
0.89
0.69
1.29
0.00
0.55
0.75
0.66
0.00
1.29
0.00
2.05
2.50
0.49
1.22
0.96
1.15
0.92
0.92
1.60
0.73
0.40
0.25
1.18
1.19
0.88
1.39
1.33
0.80
0.79
0.78
1.90
0.75
0.71
0.46
0.96
1.00
1.81
1.03
0.54
0.67
0.97
1.49
1.21
1.03
0.25
1.56
1.46
1.38
0.77
1.04
0.58
0.62
0.41
1.03
0.52
0.88
1.10
1.22
1.13
1.17
0.00
0.93
1.37
0.64
0.81
1.56
1.53
0.90
0.88
1.13
0.71
1.47
0.61
0.48
0.91
1.04
2.78
0.30
1.22
0.99
1.22
