1.26
0.91
0.65
0.88
1.00
0.79
1.28
1.03
0.73
1.08
0.79
0.70
0.37
0.75
0.54
1.00
0.95
0.44
1.19
1.48
1.08
1.10
1.47
1.00
1.19
0.83
0.72
1.00
1.08
0.47
0.88
1.84
0.30
4.00
1.01
1.38
1.96
0.98
0.89
2.02
1.90
1.00
0.57
0.89
0.92
0.65
0.69
0.98
1.34
0.74
0.51
2.22
1.16
0.60
1.16
0.48
1.19
1.03
1.00
0.42
0.82
1.13
2.00
0.00
0.51
0.60
1.56
0.49
2.22
0.95
1.14
2.16
0.78
0.47
1.00
1.00
1.00
1.00
1.00
1.00
1.00
1.00
1.00
1.00
1.00
1.00
1.00
1.00
1.00
1.00
1.25
0.71
1.15
1.15
1.60
1.39
1.60
1.59
1.49
1.00
0.91
1.13
1.81
0.59
0.35
1.37
0.81
0.00
0.46
0.86
0.85
1.15
0.51
1.00
1.42
1.54
1.82
0.81
0.29
0.79
1.26
0.81
0.91
0.87
0.56
1.88
2.77
0.79
0.84
0.71
1.53
1.20
0.00
0.00
1.18
3.48
2.00
1.60
5.00
1.48
0.35
1.36
0.00
1.15
0.73
0.95
1.64
1.99
0.93
0.00
1.42
1.13
0.76
1.40
0.80
0.98
0.43
1.02
1.08
0.70
0.82
0.95
1.33
1.42
1.01
1.69
2.00
0.82
0.00
1.51
1.40
1.34
0.16
0.43
0.00
0.76
0.00
1.77
1.29
0.38
0.66
1.25
0.98
0.83
0.71
0.79
1.30
0.87
1.42
1.00
1.11
1.11
0.00
1.68
0.00
1.26
1.01
0.26
0.64
0.52
0.90
0.98
0.81
0.94
1.62
0.70
1.27
0.43
1.20
0.67
