0.87
1.14
1.15
0.86
1.00
0.92
0.99
1.19
1.26
1.00
0.93
1.25
0.65
0.99
0.79
0.95
0.72
0.73
1.14
1.12
0.60
0.78
1.32
1.00
0.79
0.46
0.71
0.79
1.35
1.24
0.94
1.16
1.39
0.70
0.70
1.05
1.35
0.82
1.41
1.25
0.52
1.00
0.72
0.66
0.55
1.01
2.01
0.96
0.82
0.80
1.31
1.65
0.73
0.63
1.67
1.14
1.53
0.64
1.00
0.75
0.37
0.66
0.95
1.51
0.69
1.51
0.66
1.27
3.01
0.46
1.60
1.86
0.93
1.68
1.00
1.00
1.00
1.00
1.00
1.00
1.00
1.00
1.00
1.00
1.00
1.00
1.00
1.00
1.00
1.00
0.76
0.97
0.69
1.60
1.28
1.31
0.63
1.04
1.23
1.75
0.89
0.91
1.31
1.10
1.22
0.95
0.89
1.62
1.56
1.46
0.49
1.85
1.60
1.03
0.18
0.98
0.64
1.05
1.10
0.96
0.80
1.13
1.27
0.72
0.78
1.26
2.32
0.74
0.87
1.01
1.05
1.16
0.00
1.03
0.86
0.84
0.81
1.45
0.00
1.48
0.92
1.16
0.55
0.99
0.17
0.48
1.45
1.08
0.48
0.00
1.54
1.06
0.84
0.73
0.88
1.04
1.16
0.43
0.84
0.78
1.12
0.98
0.87
0.93
0.79
0.99
0.40
1.49
0.00
0.68
0.74
0.95
1.21
1.10
1.78
0.83
1.55
1.69
1.14
0.86
1.67
1.04
0.70
0.66
1.12
1.14
0.61
0.68
0.44
0.00
0.65
0.26
0.00
1.28
0.28
1.18
0.98
1.55
1.25
1.20
0.86
1.38
1.21
1.33
0.93
0.63
0.92
0.99
0.78
0.24
