1.29
0.52
0.77
0.52
1.00
0.59
0.87
0.98
0.52
1.30
1.34
0.35
1.66
1.15
1.06
0.81
0.78
0.36
0.79
1.23
1.58
1.60
1.54
1.00
1.38
1.71
0.57
0.35
0.65
0.32
1.63
0.00
1.28
0.94
0.70
1.09
0.71
0.93
0.65
1.67
1.33
1.00
1.02
0.66
1.28
1.66
0.35
0.38
1.59
0.73
0.42
0.00
1.35
0.80
0.41
0.32
0.91
1.09
1.00
0.99
0.65
0.92
1.46
0.00
0.35
1.43
0.67
0.42
1.20
1.48
1.02
1.74
0.91
0.55
1.00
1.00
1.00
1.00
1.00
1.00
1.00
1.00
1.00
1.00
1.00
1.00
1.00
1.00
1.00
1.00
0.39
0.86
1.58
0.87
0.30
0.89
1.78
1.06
0.38
0.00
0.93
1.45
1.45
0.78
0.31
1.29
1.21
2.97
1.43
0.49
1.24
0.65
2.30
0.00
0.32
0.92
1.33
0.80
0.42
0.88
0.56
1.59
1.28
0.26
1.45
0.79
0.94
0.98
0.98
0.67
0.75
1.31
0.00
0.55
0.79
0.66
0.00
1.29
0.00
2.05
2.50
0.54
1.18
0.96
1.02
1.01
0.92
1.60
0.70
0.40
0.26
0.98
1.05
0.87
1.30
1.34
0.83
0.81
0.80
2.03
0.69
0.72
0.40
0.99
0.98
1.81
1.03
0.59
0.67
0.93
1.33
1.37
0.94
0.57
1.56
1.46
1.38
0.77
1.04
0.66
0.62
0.43
0.95
0.52
1.01
1.13
1.22
1.20
1.17
0.00
0.93
1.37
0.64
0.81
1.65
1.44
0.97
1.36
1.12
0.66
1.50
0.62
0.69
0.78
1.04
2.69
0.50
1.21
1.00
1.16
