1.32
0.94
0.64
0.97
1.00
0.74
1.35
1.07
0.73
1.03
0.80
0.72
0.39
0.77
0.54
1.07
0.84
0.42
1.21
1.38
1.20
1.08
1.44
1.00
0.96
0.74
0.67
0.71
1.15
0.54
1.05
1.84
0.30
4.00
1.00
1.45
2.18
1.03
0.78
2.02
2.10
1.00
0.59
0.97
0.90
0.65
0.65
0.93
1.02
0.74
0.51
2.22
1.16
0.70
1.26
0.44
1.11
1.03
1.00
0.42
0.87
1.13
2.00
0.00
0.50
0.63
1.56
0.47
2.22
0.83
1.23
2.16
0.61
0.64
1.00
1.00
1.00
1.00
1.00
1.00
1.00
1.00
1.00
1.00
1.00
1.00
1.00
1.00
1.00
1.00
0.91
0.87
1.08
1.15
1.82
1.40
1.78
1.59
1.65
1.00
0.96
1.08
1.81
0.69
0.46
1.37
0.88
0.00
0.50
0.56
0.88
1.15
0.58
1.00
1.31
1.46
1.82
0.76
0.59
0.86
1.31
0.81
0.90
0.87
0.54
1.81
2.77
0.81
0.76
0.73
1.54
1.10
0.00
0.00
1.23
3.48
2.00
1.74
5.00
1.48
0.37
1.36
0.00
1.15
0.73
0.87
1.64
2.06
0.89
0.00
1.25
1.09
0.73
1.46
0.98
0.92
0.45
0.98
1.03
0.70
0.90
0.97
1.58
1.44
1.06
1.69
2.00
0.82
0.00
1.55
1.40
0.56
0.17
0.42
0.00
0.76
0.00
1.77
1.19
0.38
0.66
1.22
0.93
0.83
0.69
1.03
1.30
0.83
1.39
1.00
1.11
1.11
0.00
1.68
0.00
1.27
1.01
0.00
0.68
0.62
1.01
0.93
0.83
0.94
1.32
0.68
1.43
0.43
1.21
0.64
