0.91
1.20
1.15
0.90
1.00
0.97
1.02
1.15
1.26
1.00
0.92
1.22
0.64
1.03
0.63
0.95
0.70
0.72
1.13
1.08
0.60
0.77
1.32
1.00
0.87
0.50
0.69
0.80
1.23
1.20
0.88
1.16
1.45
0.67
0.67
0.99
1.37
0.82
1.49
1.23
0.53
1.00
0.69
0.61
0.69
1.05
1.99
0.95
0.76
1.02
1.37
1.65
0.70
0.59
1.69
1.11
1.49
0.64
1.00
0.81
0.35
0.57
0.95
1.51
0.66
1.51
0.66
1.30
3.01
0.45
1.57
2.12
0.93
1.77
1.00
1.00
1.00
1.00
1.00
1.00
1.00
1.00
1.00
1.00
1.00
1.00
1.00
1.00
1.00
1.00
0.77
0.89
0.62
1.60
1.33
1.32
0.75
1.03
1.13
1.75
0.77
0.92
1.44
1.21
1.15
0.82
0.99
1.58
1.52
1.48
0.47
1.85
1.54
1.15
0.16
1.04
0.45
1.07
1.13
0.91
0.81
1.13
1.25
0.72
0.86
1.27
2.40
0.81
0.91
1.05
1.02
1.19
0.00
1.03
0.86
0.88
0.81
1.45
0.00
1.29
1.29
1.16
0.42
0.98
0.17
0.52
1.37
1.10
0.48
0.00
1.63
1.13
0.93
0.72
0.76
1.06
1.28
0.44
0.81
0.77
1.13
0.97
0.84
0.93
0.75
0.99
0.44
1.47
0.00
0.70
0.73
1.18
1.15
1.06
1.78
0.84
1.55
1.56
1.02
0.80
1.69
1.02
0.59
0.68
1.11
1.16
0.59
0.71
0.47
0.00
0.65
0.26
0.00
1.28
0.27
1.20
0.95
1.49
1.24
1.29
0.88
1.29
1.27
1.26
0.83
0.64
0.92
0.97
0.76
0.33
