1.25
0.85
0.63
0.94
1.00
0.91
1.28
1.10
0.73
1.00
0.76
0.70
0.38
0.73
0.54
1.10
0.89
0.41
1.24
1.43
1.06
1.06
1.44
1.00
1.11
0.83
0.79
1.00
1.04
0.50
1.09
1.84
0.30
4.00
0.99
1.41
1.96
1.02
0.72
2.05
2.10
1.00
0.53
0.86
0.86
0.65
0.65
0.93
1.34
0.74
0.51
2.22
1.16
0.74
1.16
0.44
1.11
1.03
1.00
0.40
0.82
1.15
2.00
0.00
0.51
0.59
1.56
0.49
2.22
0.89
1.23
2.16
0.69
0.42
1.00
1.00
1.00
1.00
1.00
1.00
1.00
1.00
1.00
1.00
1.00
1.00
1.00
1.00
1.00
1.00
1.25
0.71
1.07
1.15
1.82
1.39
1.73
1.33
1.49
1.00
0.83
1.03
1.81
0.71
0.49
1.37
0.76
0.00
0.46
0.90
0.88
1.15
0.51
1.00
1.41
1.54
1.82
0.79
0.58
0.81
1.37
0.67
0.88
0.90
0.54
1.92
2.77
0.84
0.79
0.76
1.52
1.14
0.00
0.00
1.02
3.48
2.00
1.74
5.00
1.48
0.35
1.36
0.00
1.15
0.73
0.96
1.64
2.25
0.91
0.00
1.25
1.28
0.69
1.48
0.93
1.01
0.23
0.98
1.05
0.70
0.86
0.95
1.49
1.39
1.06
1.69
2.00
0.82
0.00
1.51
1.29
1.00
0.16
0.41
0.00
0.76
0.00
1.77
1.19
0.38
0.66
1.31
0.93
0.83
0.69
0.94
1.30
0.85
1.39
1.00
1.11
1.11
0.00
1.68
0.00
1.18
1.03
0.26
0.68
0.60
0.95
0.88
0.79
0.93
1.62
0.66
1.36
0.42
1.20
0.62
